4.13646e-13
0.19971
0.391374
0.567269
0.720309
0.844328
0.934329
0.986686
0.999289
0.971632
0.904827
0.801567
0.666012
0.503623
0.320944
0.125333
-0.0753268
-0.272952
-0.45958
-0.627691
-0.770513
-0.882291
-0.958522
-0.996134
-0.993611
-0.951057
-0.870184
-0.754251
-0.60793
-0.437116
-0.24869
-0.0502443
0.150226
0.344643
0.525175
0.684547
0.816339
0.915241
0.977268
0.999921
0.982287
0.925077
0.830596
0.70265
0.546394
0.368125
0.175023
-0.0251301
-0.224271
-0.414376
-0.587785
-0.737513
-0.857527
-0.942991
-0.990461
-0.998027
-0.965382
-0.893841
-0.786288
-0.647056
-0.481754
-0.297042
-0.100362
0.100362
0.297042
0.481754
0.647056
0.786288
0.893841
0.965382
0.998027
0.990461
0.942991
0.857527
0.737513
0.587785
0.414376
0.224271
0.0251301
-0.175023
-0.368125
-0.546394
-0.70265
-0.830596
-0.925077
-0.982287
-0.999921
-0.977268
-0.915241
-0.816339
-0.684547
-0.525175
-0.344643
-0.150226
0.0502443
0.24869
0.437116
0.60793
0.754251
0.870184
0.951057
0.993611
0.996134
0.958522
0.882291
0.770513
0.627691
0.45958
0.272952
0.0753268
-0.125333
-0.320944
-0.503623
-0.666012
-0.801567
-0.904827
-0.971632
-0.999289
-0.986686
-0.934329
-0.844328
-0.720309
-0.567269
-0.391374
-0.19971
2.08777e-12
0.19971
0.391374
0.567269
0.720309
0.844328
0.934329
0.986686
0.999289
0.971632
0.904827
0.801567
0.666012
0.503623
0.320944
0.125333
-0.0753268
-0.272952
-0.45958
-0.627691
-0.770513
-0.882291
-0.958522
-0.996134
-0.993611
-0.951057
-0.870184
-0.754251
-0.60793
-0.437116
-0.24869
-0.0502443
0.150226
0.344643
0.525175
0.684547
0.816339
0.915241
0.977268
0.999921
0.982287
0.925077
0.830596
0.70265
0.546394
0.368125
0.175023
-0.0251301
-0.224271
-0.414376
-0.587785
-0.737513
-0.857527
-0.942991
-0.990461
-0.998027
-0.965382
-0.893841
-0.786288
-0.647056
-0.481754
-0.297042
-0.100362
0.100362
0.297042
0.481754
0.647056
0.786288
0.893841
0.965382
0.998027
0.990461
0.942991
0.857527
0.737513
0.587785
0.414376
0.224271
0.0251301
-0.175023
-0.368125
-0.546394
-0.70265
-0.830596
-0.925077
-0.982287
-0.999921
-0.977268
-0.915241
-0.816339
-0.684547
-0.525175
-0.344643
-0.150226
0.0502443
0.24869
0.437116
0.60793
0.754251
0.870184
0.951057
0.993611
0.996134
0.958522
0.882291
0.770513
0.627691
0.45958
0.272952
0.0753268
-0.125333
-0.320944
-0.503623
-0.666012
-0.801567
-0.904827
-0.971632
-0.999289
-0.986686
-0.934329
-0.844328
-0.720309
-0.567269
-0.391374
-0.19971
3.75657e-12
0.19971
0.391374
0.567269
0.720309
0.844328
0.934329
0.986686
0.999289
0.971632
0.904827
0.801567
0.666012
0.503623
0.320944
0.125333
-0.0753268
-0.272952
-0.45958
-0.627691
-0.770513
-0.882291
-0.958522
-0.996134
-0.993611
-0.951057
-0.870184
-0.754251
-0.60793
-0.437116
-0.24869
-0.0502443
0.150226
0.344643
0.525175
0.684547
0.816339
0.915241
0.977268
0.999921
0.982287
0.925077
0.830596
0.70265
0.546394
0.368125
0.175023
-0.0251301
-0.224271
-0.414376
-0.587785
-0.737513
-0.857527
-0.942991
-0.990461
-0.998027
-0.965382
-0.893841
-0.786288
-0.647056
-0.481754
-0.297042
-0.100362
0.100362
0.297042
0.481754
0.647056
0.786288
0.893841
0.965382
0.998027
0.990461
0.942991
0.857527
0.737513
0.587785
0.414376
0.224271
0.0251301
-0.175023
-0.368125
-0.546394
-0.70265
-0.830596
-0.925077
-0.982287
-0.999921
-0.977268
-0.915241
-0.816339
-0.684547
-0.525175
-0.344643
-0.150226
0.0502443
0.24869
0.437116
0.60793
0.754251
0.870184
0.951057
0.993611
0.996134
0.958522
0.882291
0.770513
0.627691
0.45958
0.272952
0.0753268
-0.125333
-0.320944
-0.503623
-0.666012
-0.801567
-0.904827
-0.971632
-0.999289
-0.986686
-0.934329
-0.844328
-0.720309
-0.567269
-0.391374
-0.19971
5.43247e-12
0.19971
0.391374
0.567269
0.720309
0.844328
0.934329
0.986686
0.999289
0.971632
0.904827
0.801567
0.666012
0.503623
0.320944
0.125333
-0.0753268
-0.272952
-0.45958
-0.627691
-0.770513
-0.882291
-0.958522
-0.996134
-0.993611
-0.951057
-0.870184
-0.754251
-0.60793
-0.437116
-0.24869
-0.0502443
0.150226
0.344643
0.525175
0.684547
0.816339
0.915241
0.977268
0.999921
0.982287
0.925077
0.830596
0.70265
0.546394
0.368125
0.175023
-0.0251301
-0.224271
-0.414376
-0.587785
-0.737513
-0.857527
-0.942991
-0.990461
-0.998027
-0.965382
-0.893841
-0.786288
-0.647056
-0.481754
-0.297042
-0.100362
0.100362
0.297042
0.481754
0.647056
0.786288
0.893841
0.965382
0.998027
0.990461
0.942991
0.857527
0.737513
0.587785
0.414376
0.224271
0.0251301
-0.175023
-0.368125
-0.546394
-0.70265
-0.830596
-0.925077
-0.982287
-0.999921
-0.977268
-0.915241
-0.816339
-0.684547
-0.525175
-0.344643
-0.150226
0.0502443
0.24869
0.437116
0.60793
0.754251
0.870184
0.951057
0.993611
0.996134
0.958522
0.882291
0.770513
0.627691
0.45958
0.272952
0.0753268
-0.125333
-0.320944
-0.503623
-0.666012
-0.801567
-0.904827
-0.971632
-0.999289
-0.986686
-0.934329
-0.844328
-0.720309
-0.567269
-0.391374
-0.19971
7.10837e-12
0.19971
0.391374
0.567269
0.720309
0.844328
0.934329
0.986686
0.999289
0.971632
0.904827
0.801567
0.666012
0.503623
0.320944
0.125333
-0.0753268
-0.272952
-0.45958
-0.627691
-0.770513
-0.882291
-0.958522
-0.996134
-0.993611
-0.951057
-0.870184
-0.754251
-0.60793
-0.437116
-0.24869
-0.0502443
0.150226
0.344643
0.525175
0.684547
0.816339
0.915241
0.977268
0.999921
0.982287
0.925077
0.830596
0.70265
0.546394
0.368125
0.175023
-0.0251301
-0.224271
-0.414376
-0.587785
-0.737513
-0.857527
-0.942991
-0.990461
-0.998027
-0.965382
-0.893841
-0.786288
-0.647056
-0.481754
-0.297042
-0.100362
0.100362
0.297042
0.481754
0.647056
0.786288
0.893841
0.965382
0.998027
0.990461
0.942991
0.857527
0.737513
0.587785
0.414376
0.224271
0.0251301
-0.175023
-0.368125
-0.546394
-0.70265
-0.830596
-0.925077
-0.982287
-0.999921
-0.977268
-0.915241
-0.816339
-0.684547
-0.525175
-0.344643
-0.150226
0.0502443
0.24869
0.437116
0.60793
0.754251
0.870184
0.951057
0.993611
0.996134
0.958522
0.882291
0.770513
0.627691
0.45958
0.272952
0.0753268
-0.125333
-0.320944
-0.503623
-0.666012
-0.801567
-0.904827
-0.971632
-0.999289
-0.986686
-0.934329
-0.844328
-0.720309
-0.567269
-0.391374
-0.19971
8.78427e-12
0.19971
0.391374
0.567269
0.720309
0.844328
0.934329
0.986686
0.999289
0.971632
0.904827
0.801567
0.666012
0.503623
0.320944
0.125333
-0.0753268
-0.272952
-0.45958
-0.627691
-0.770513
-0.882291
-0.958522
-0.996134
-0.993611
-0.951057
-0.870184
-0.754251
-0.60793
-0.437116
-0.24869
-0.0502443
0.150226
0.344643
0.525175
0.684547
0.816339
0.915241
0.977268
0.999921
0.982287
0.925077
0.830596
0.70265
0.546394
0.368125
0.175023
-0.0251301
-0.224271
-0.414376
-0.587785
-0.737513
-0.857527
-0.942991
-0.990461
-0.998027
-0.965382
-0.893841
-0.786288
-0.647056
-0.481754
-0.297042
-0.100362
0.100362
0.297042
0.481754
0.647056
0.786288
0.893841
0.965382
0.998027
0.990461
0.942991
0.857527
0.737513
0.587785
0.414376
0.224271
0.0251301
-0.175023
-0.368125
-0.546394
-0.70265
-0.830596
-0.925077
-0.982287
-0.999921
-0.977268
-0.915241
-0.816339
-0.684547
-0.525175
-0.344643
-0.150226
0.0502443
0.24869
0.437116
0.60793
0.754251
0.870184
0.951057
0.993611
0.996134
0.958522
0.882291
0.770513
0.627691
0.45958
0.272952
0.0753268
-0.125333
-0.320944
-0.503623
-0.666012
-0.801567
-0.904827
-0.971632
-0.999289
-0.986686
-0.934329
-0.844328
-0.720309
-0.567269
-0.391374
-0.19971
1.04317e-11
0.19971
0.391374
0.567269
0.720309
0.844328
0.934329
0.986686
0.999289
0.971632
0.904827
0.801567
0.666012
0.503623
0.320944
0.125333
-0.0753268
-0.272952
-0.45958
-0.627691
-0.770513
-0.882291
-0.958522
-0.996134
-0.993611
-0.951057
-0.870184
-0.754251
-0.60793
-0.437116
-0.24869
-0.0502443
0.150226
0.344643
0.525175
0.684547
0.816339
0.915241
0.977268
0.999921
0.982287
0.925077
0.830596
0.70265
0.546394
0.368125
0.175023
-0.0251301
-0.224271
-0.414376
-0.587785
-0.737513
-0.857527
-0.942991
-0.990461
-0.998027
-0.965382
-0.893841
-0.786288
-0.647056
-0.481754
-0.297042
-0.100362
0.100362
0.297042
0.481754
0.647056
0.786288
0.893841
0.965382
0.998027
0.990461
0.942991
0.857527
0.737513
0.587785
0.414376
0.224271
0.0251301
-0.175023
-0.368125
-0.546394
-0.70265
-0.830596
-0.925077
-0.982287
-0.999921
-0.977268
-0.915241
-0.816339
-0.684547
-0.525175
-0.344643
-0.150226
0.0502443
0.24869
0.437116
0.60793
0.754251
0.870184
0.951057
0.993611
0.996134
0.958522
0.882291
0.770513
0.627691
0.45958
0.272952
0.0753268
-0.125333
-0.320944
-0.503623
-0.666012
-0.801567
-0.904827
-0.971632
-0.999289
-0.986686
-0.934329
-0.844328
-0.720309
-0.567269
-0.391374
-0.19971
1.21077e-11
0.19971
0.391374
0.567269
0.720309
0.844328
0.934329
0.986686
0.999289
0.971632
0.904827
0.801567
0.666012
0.503623
0.320944
0.125333
-0.0753268
-0.272952
-0.45958
-0.627691
-0.770513
-0.882291
-0.958522
-0.996134
-0.993611
-0.951057
-0.870184
-0.754251
-0.60793
-0.437116
-0.24869
-0.0502443
0.150226
0.344643
0.525175
0.684547
0.816339
0.915241
0.977268
0.999921
0.982287
0.925077
0.830596
0.70265
0.546394
0.368125
0.175023
-0.0251301
-0.224271
-0.414376
-0.587785
-0.737513
-0.857527
-0.942991
-0.990461
-0.998027
-0.965382
-0.893841
-0.786288
-0.647056
-0.481754
-0.297042
-0.100362
0.100362
0.297042
0.481754
0.647056
0.786288
0.893841
0.965382
0.998027
0.990461
0.942991
0.857527
0.737513
0.587785
0.414376
0.224271
0.0251301
-0.175023
-0.368125
-0.546394
-0.70265
-0.830596
-0.925077
-0.982287
-0.999921
-0.977268
-0.915241
-0.816339
-0.684547
-0.525175
-0.344643
-0.150226
0.0502443
0.24869
0.437116
0.60793
0.754251
0.870184
0.951057
0.993611
0.996134
0.958522
0.882291
0.770513
0.627691
0.45958
0.272952
0.0753268
-0.125333
-0.320944
-0.503623
-0.666012
-0.801567
-0.904827
-0.971632
-0.999289
-0.986686
-0.934329
-0.844328
-0.720309
-0.567269
-0.391374
-0.19971
1.37836e-11
0.19971
0.391374
0.567269
0.720309
0.844328
0.934329
0.986686
0.999289
0.971632
0.904827
0.801567
0.666012
0.503623
0.320944
0.125333
-0.0753268
-0.272952
-0.45958
-0.627691
-0.770513
-0.882291
-0.958522
-0.996134
-0.993611
-0.951057
-0.870184
-0.754251
-0.60793
-0.437116
-0.24869
-0.0502443
0.150226
0.344643
0.525175
0.684547
0.816339
0.915241
0.977268
0.999921
0.982287
0.925077
0.830596
0.70265
0.546394
0.368125
0.175023
-0.0251301
-0.224271
-0.414376
-0.587785
-0.737513
-0.857527
-0.942991
-0.990461
-0.998027
-0.965382
-0.893841
-0.786288
-0.647056
-0.481754
-0.297042
-0.100362
0.100362
0.297042
0.481754
0.647056
0.786288
0.893841
0.965382
0.998027
0.990461
0.942991
0.857527
0.737513
0.587785
0.414376
0.224271
0.0251301
-0.175023
-0.368125
-0.546394
-0.70265
-0.830596
-0.925077
-0.982287
-0.999921
-0.977268
-0.915241
-0.816339
-0.684547
-0.525175
-0.344643
-0.150226
0.0502443
0.24869
0.437116
0.60793
0.754251
0.870184
0.951057
0.993611
0.996134
0.958522
0.882291
0.770513
0.627691
0.45958
0.272952
0.0753268
-0.125333
-0.320944
-0.503623
-0.666012
-0.801567
-0.904827
-0.971632
-0.999289
-0.986686
-0.934329
-0.844328
-0.720309
-0.567269
-0.391374
-0.19971
1.26741e-11
0.19971
0.391374
0.567269
0.720309
0.844328
0.934329
0.986686
0.999289
0.971632
0.904827
0.801567
0.666012
0.503623
0.320944
0.125333
-0.0753268
-0.272952
-0.45958
-0.627691
-0.770513
-0.882291
-0.958522
-0.996134
-0.993611
-0.951057
-0.870184
-0.754251
-0.60793
-0.437116
-0.24869
-0.0502443
0.150226
0.344643
0.525175
0.684547
0.816339
0.915241
0.977268
0.999921
0.982287
0.925077
0.830596
0.70265
0.546394
0.368125
0.175023
-0.0251301
-0.224271
-0.414376
-0.587785
-0.737513
-0.857527
-0.942991
-0.990461
-0.998027
-0.965382
-0.893841
-0.786288
-0.647056
-0.481754
-0.297042
-0.100362
0.100362
0.297042
0.481754
0.647056
0.786288
0.893841
0.965382
0.998027
0.990461
0.942991
0.857527
0.737513
0.587785
0.414376
0.224271
0.0251301
-0.175023
-0.368125
-0.546394
-0.70265
-0.830596
-0.925077
-0.982287
-0.999921
-0.977268
-0.915241
-0.816339
-0.684547
-0.525175
-0.344643
-0.150226
0.0502443
0.24869
0.437116
0.60793
0.754251
0.870184
0.951057
0.993611
0.996134
0.958522
0.882291
0.770513
0.627691
0.45958
0.272952
0.0753268
-0.125333
-0.320944
-0.503623
-0.666012
-0.801567
-0.904827
-0.971632
-0.999289
-0.986686
-0.934329
-0.844328
-0.720309
-0.567269
-0.391374
-0.19971
1.15647e-11
0.19971
0.391374
0.567269
0.720309
0.844328
0.934329
0.986686
0.999289
0.971632
0.904827
0.801567
0.666012
0.503623
0.320944
0.125333
-0.0753268
-0.272952
-0.45958
-0.627691
-0.770513
-0.882291
-0.958522
-0.996134
-0.993611
-0.951057
-0.870184
-0.754251
-0.60793
-0.437116
-0.24869
-0.0502443
0.150226
0.344643
0.525175
0.684547
0.816339
0.915241
0.977268
0.999921
0.982287
0.925077
0.830596
0.70265
0.546394
0.368125
0.175023
-0.0251301
-0.224271
-0.414376
-0.587785
-0.737513
-0.857527
-0.942991
-0.990461
-0.998027
-0.965382
-0.893841
-0.786288
-0.647056
-0.481754
-0.297042
-0.100362
0.100362
0.297042
0.481754
0.647056
0.786288
0.893841
0.965382
0.998027
0.990461
0.942991
0.857527
0.737513
0.587785
0.414376
0.224271
0.0251301
-0.175023
-0.368125
-0.546394
-0.70265
-0.830596
-0.925077
-0.982287
-0.999921
-0.977268
-0.915241
-0.816339
-0.684547
-0.525175
-0.344643
-0.150226
0.0502443
0.24869
0.437116
0.60793
0.754251
0.870184
0.951057
0.993611
0.996134
0.958522
0.882291
0.770513
0.627691
0.45958
0.272952
0.0753268
-0.125333
-0.320944
-0.503623
-0.666012
-0.801567
-0.904827
-0.971632
-0.999289
-0.986686
-0.934329
-0.844328
-0.720309
-0.567269
-0.391374
-0.19971
1.04553e-11
0.19971
0.391374
0.567269
0.720309
0.844328
0.934329
0.986686
0.999289
0.971632
0.904827
0.801567
0.666012
0.503623
0.320944
0.125333
-0.0753268
-0.272952
-0.45958
-0.627691
-0.770513
-0.882291
-0.958522
-0.996134
-0.993611
-0.951057
-0.870184
-0.754251
-0.60793
-0.437116
-0.24869
-0.0502443
0.150226
0.344643
0.525175
0.684547
0.816339
0.915241
0.977268
0.999921
0.982287
0.925077
0.830596
0.70265
0.546394
0.368125
0.175023
-0.0251301
-0.224271
-0.414376
-0.587785
-0.737513
-0.857527
-0.942991
-0.990461
-0.998027
-0.965382
-0.893841
-0.786288
-0.647056
-0.481754
-0.297042
-0.100362
0.100362
0.297042
0.481754
0.647056
0.786288
0.893841
0.965382
0.998027
0.990461
0.942991
0.857527
0.737513
0.587785
0.414376
0.224271
0.0251301
-0.175023
-0.368125
-0.546394
-0.70265
-0.830596
-0.925077
-0.982287
-0.999921
-0.977268
-0.915241
-0.816339
-0.684547
-0.525175
-0.344643
-0.150226
0.0502443
0.24869
0.437116
0.60793
0.754251
0.870184
0.951057
0.993611
0.996134
0.958522
0.882291
0.770513
0.627691
0.45958
0.272952
0.0753268
-0.125333
-0.320944
-0.503623
-0.666012
-0.801567
-0.904827
-0.971632
-0.999289
-0.986686
-0.934329
-0.844328
-0.720309
-0.567269
-0.391374
-0.19971
9.34585e-12
0.19971
0.391374
0.567269
0.720309
0.844328
0.934329
0.986686
0.999289
0.971632
0.904827
0.801567
0.666012
0.503623
0.320944
0.125333
-0.0753268
-0.272952
-0.45958
-0.627691
-0.770513
-0.882291
-0.958522
-0.996134
-0.993611
-0.951057
-0.870184
-0.754251
-0.60793
-0.437116
-0.24869
-0.0502443
0.150226
0.344643
0.525175
0.684547
0.816339
0.915241
0.977268
0.999921
0.982287
0.925077
0.830596
0.70265
0.546394
0.368125
0.175023
-0.0251301
-0.224271
-0.414376
-0.587785
-0.737513
-0.857527
-0.942991
-0.990461
-0.998027
-0.965382
-0.893841
-0.786288
-0.647056
-0.481754
-0.297042
-0.100362
0.100362
0.297042
0.481754
0.647056
0.786288
0.893841
0.965382
0.998027
0.990461
0.942991
0.857527
0.737513
0.587785
0.414376
0.224271
0.0251301
-0.175023
-0.368125
-0.546394
-0.70265
-0.830596
-0.925077
-0.982287
-0.999921
-0.977268
-0.915241
-0.816339
-0.684547
-0.525175
-0.344643
-0.150226
0.0502443
0.24869
0.437116
0.60793
0.754251
0.870184
0.951057
0.993611
0.996134
0.958522
0.882291
0.770513
0.627691
0.45958
0.272952
0.0753268
-0.125333
-0.320944
-0.503623
-0.666012
-0.801567
-0.904827
-0.971632
-0.999289
-0.986686
-0.934329
-0.844328
-0.720309
-0.567269
-0.391374
-0.19971
8.23642e-12
0.19971
0.391374
0.567269
0.720309
0.844328
0.934329
0.986686
0.999289
0.971632
0.904827
0.801567
0.666012
0.503623
0.320944
0.125333
-0.0753268
-0.272952
-0.45958
-0.627691
-0.770513
-0.882291
-0.958522
-0.996134
-0.993611
-0.951057
-0.870184
-0.754251
-0.60793
-0.437116
-0.24869
-0.0502443
0.150226
0.344643
0.525175
0.684547
0.816339
0.915241
0.977268
0.999921
0.982287
0.925077
0.830596
0.70265
0.546394
0.368125
0.175023
-0.0251301
-0.224271
-0.414376
-0.587785
-0.737513
-0.857527
-0.942991
-0.990461
-0.998027
-0.965382
-0.893841
-0.786288
-0.647056
-0.481754
-0.297042
-0.100362
0.100362
0.297042
0.481754
0.647056
0.786288
0.893841
0.965382
0.998027
0.990461
0.942991
0.857527
0.737513
0.587785
0.414376
0.224271
0.0251301
-0.175023
-0.368125
-0.546394
-0.70265
-0.830596
-0.925077
-0.982287
-0.999921
-0.977268
-0.915241
-0.816339
-0.684547
-0.525175
-0.344643
-0.150226
0.0502443
0.24869
0.437116
0.60793
0.754251
0.870184
0.951057
0.993611
0.996134
0.958522
0.882291
0.770513
0.627691
0.45958
0.272952
0.0753268
-0.125333
-0.320944
-0.503623
-0.666012
-0.801567
-0.904827
-0.971632
-0.999289
-0.986686
-0.934329
-0.844328
-0.720309
-0.567269
-0.391374
-0.19971
7.12699e-12
0.19971
0.391374
0.567269
0.720309
0.844328
0.934329
0.986686
0.999289
0.971632
0.904827
0.801567
0.666012
0.503623
0.320944
0.125333
-0.0753268
-0.272952
-0.45958
-0.627691
-0.770513
-0.882291
-0.958522
-0.996134
-0.993611
-0.951057
-0.870184
-0.754251
-0.60793
-0.437116
-0.24869
-0.0502443
0.150226
0.344643
0.525175
0.684547
0.816339
0.915241
0.977268
0.999921
0.982287
0.925077
0.830596
0.70265
0.546394
0.368125
0.175023
-0.0251301
-0.224271
-0.414376
-0.587785
-0.737513
-0.857527
-0.942991
-0.990461
-0.998027
-0.965382
-0.893841
-0.786288
-0.647056
-0.481754
-0.297042
-0.100362
0.100362
0.297042
0.481754
0.647056
0.786288
0.893841
0.965382
0.998027
0.990461
0.942991
0.857527
0.737513
0.587785
0.414376
0.224271
0.0251301
-0.175023
-0.368125
-0.546394
-0.70265
-0.830596
-0.925077
-0.982287
-0.999921
-0.977268
-0.915241
-0.816339
-0.684547
-0.525175
-0.344643
-0.150226
0.0502443
0.24869
0.437116
0.60793
0.754251
0.870184
0.951057
0.993611
0.996134
0.958522
0.882291
0.770513
0.627691
0.45958
0.272952
0.0753268
-0.125333
-0.320944
-0.503623
-0.666012
-0.801567
-0.904827
-0.971632
-0.999289
-0.986686
-0.934329
-0.844328
-0.720309
-0.567269
-0.391374
-0.19971
6.01757e-12
0.19971
0.391374
0.567269
0.720309
0.844328
0.934329
0.986686
0.999289
0.971632
0.904827
0.801567
0.666012
0.503623
0.320944
0.125333
-0.0753268
-0.272952
-0.45958
-0.627691
-0.770513
-0.882291
-0.958522
-0.996134
-0.993611
-0.951057
-0.870184
-0.754251
-0.60793
-0.437116
-0.24869
-0.0502443
0.150226
0.344643
0.525175
0.684547
0.816339
0.915241
0.977268
0.999921
0.982287
0.925077
0.830596
0.70265
0.546394
0.368125
0.175023
-0.0251301
-0.224271
-0.414376
-0.587785
-0.737513
-0.857527
-0.942991
-0.990461
-0.998027
-0.965382
-0.893841
-0.786288
-0.647056
-0.481754
-0.297042
-0.100362
0.100362
0.297042
0.481754
0.647056
0.786288
0.893841
0.965382
0.998027
0.990461
0.942991
0.857527
0.737513
0.587785
0.414376
0.224271
0.0251301
-0.175023
-0.368125
-0.546394
-0.70265
-0.830596
-0.925077
-0.982287
-0.999921
-0.977268
-0.915241
-0.816339
-0.684547
-0.525175
-0.344643
-0.150226
0.0502443
0.24869
0.437116
0.60793
0.754251
0.870184
0.951057
0.993611
0.996134
0.958522
0.882291
0.770513
0.627691
0.45958
0.272952
0.0753268
-0.125333
-0.320944
-0.503623
-0.666012
-0.801567
-0.904827
-0.971632
-0.999289
-0.986686
-0.934329
-0.844328
-0.720309
-0.567269
-0.391374
-0.19971
4.90814e-12
0.19971
0.391374
0.567269
0.720309
0.844328
0.934329
0.986686
0.999289
0.971632
0.904827
0.801567
0.666012
0.503623
0.320944
0.125333
-0.0753268
-0.272952
-0.45958
-0.627691
-0.770513
-0.882291
-0.958522
-0.996134
-0.993611
-0.951057
-0.870184
-0.754251
-0.60793
-0.437116
-0.24869
-0.0502443
0.150226
0.344643
0.525175
0.684547
0.816339
0.915241
0.977268
0.999921
0.982287
0.925077
0.830596
0.70265
0.546394
0.368125
0.175023
-0.0251301
-0.224271
-0.414376
-0.587785
-0.737513
-0.857527
-0.942991
-0.990461
-0.998027
-0.965382
-0.893841
-0.786288
-0.647056
-0.481754
-0.297042
-0.100362
0.100362
0.297042
0.481754
0.647056
0.786288
0.893841
0.965382
0.998027
0.990461
0.942991
0.857527
0.737513
0.587785
0.414376
0.224271
0.0251301
-0.175023
-0.368125
-0.546394
-0.70265
-0.830596
-0.925077
-0.982287
-0.999921
-0.977268
-0.915241
-0.816339
-0.684547
-0.525175
-0.344643
-0.150226
0.0502443
0.24869
0.437116
0.60793
0.754251
0.870184
0.951057
0.993611
0.996134
0.958522
0.882291
0.770513
0.627691
0.45958
0.272952
0.0753268
-0.125333
-0.320944
-0.503623
-0.666012
-0.801567
-0.904827
-0.971632
-0.999289
-0.986686
-0.934329
-0.844328
-0.720309
-0.567269
-0.391374
-0.19971
3.85556e-12
0.19971
0.391374
0.567269
0.720309
0.844328
0.934329
0.986686
0.999289
0.971632
0.904827
0.801567
0.666012
0.503623
0.320944
0.125333
-0.0753268
-0.272952
-0.45958
-0.627691
-0.770513
-0.882291
-0.958522
-0.996134
-0.993611
-0.951057
-0.870184
-0.754251
-0.60793
-0.437116
-0.24869
-0.0502443
0.150226
0.344643
0.525175
0.684547
0.816339
0.915241
0.977268
0.999921
0.982287
0.925077
0.830596
0.70265
0.546394
0.368125
0.175023
-0.0251301
-0.224271
-0.414376
-0.587785
-0.737513
-0.857527
-0.942991
-0.990461
-0.998027
-0.965382
-0.893841
-0.786288
-0.647056
-0.481754
-0.297042
-0.100362
0.100362
0.297042
0.481754
0.647056
0.786288
0.893841
0.965382
0.998027
0.990461
0.942991
0.857527
0.737513
0.587785
0.414376
0.224271
0.0251301
-0.175023
-0.368125
-0.546394
-0.70265
-0.830596
-0.925077
-0.982287
-0.999921
-0.977268
-0.915241
-0.816339
-0.684547
-0.525175
-0.344643
-0.150226
0.0502443
0.24869
0.437116
0.60793
0.754251
0.870184
0.951057
0.993611
0.996134
0.958522
0.882291
0.770513
0.627691
0.45958
0.272952
0.0753268
-0.125333
-0.320944
-0.503623
-0.666012
-0.801567
-0.904827
-0.971632
-0.999289
-0.986686
-0.934329
-0.844328
-0.720309
-0.567269
-0.391374
-0.19971
2.68929e-12
