1
0.93888
0.764625
0.502596
0.189093
-0.135822
-0.435471
-0.682049
-0.859466
-0.963479
-0.999676
-0.980294
-0.920827
-0.837139
-0.743468
-0.651347
-0.569313
-0.503123
-0.456229
-0.430299
-0.42567
-0.441637
-0.476606
-0.528128
-0.592868
-0.66661
-0.744327
-0.820402
-0.889003
-0.94458
-0.982442
-0.99929
-0.993631
-0.96597
-0.91874
-0.855997
-0.782934
-0.705312
-0.628911
-0.559089
-0.500485
-0.456879
-0.431158
-0.425344
-0.440595
-0.477124
-0.533974
-0.608649
-0.69661
-0.790761
-0.881066
-0.95456
-0.996003
-0.989404
-0.920495
-0.77993
-0.566688
-0.290798
0.0256148
0.349775
0.642491
0.864641
0.984574
0.984574
0.864641
0.642491
0.349775
0.0256148
-0.290798
-0.566688
-0.77993
-0.920495
-0.989404
-0.996003
-0.95456
-0.881066
-0.790761
-0.69661
-0.608649
-0.533974
-0.477124
-0.440595
-0.425344
-0.431158
-0.456879
-0.500485
-0.559089
-0.628911
-0.705312
-0.782934
-0.855997
-0.91874
-0.96597
-0.993631
-0.99929
-0.982442
-0.94458
-0.889003
-0.820402
-0.744327
-0.66661
-0.592868
-0.528128
-0.476606
-0.441637
-0.42567
-0.430299
-0.456229
-0.503123
-0.569313
-0.651347
-0.743468
-0.837139
-0.920827
-0.980294
-0.999676
-0.963479
-0.859466
-0.682049
-0.435471
-0.135822
0.189093
0.502596
0.764625
0.93888
1
0.93888
0.764625
0.502596
0.189093
-0.135822
-0.435471
-0.682049
-0.859466
-0.963479
-0.999676
-0.980294
-0.920827
-0.837139
-0.743468
-0.651347
-0.569313
-0.503123
-0.456229
-0.430299
-0.42567
-0.441637
-0.476606
-0.528128
-0.592868
-0.66661
-0.744327
-0.820402
-0.889003
-0.94458
-0.982442
-0.99929
-0.993631
-0.96597
-0.91874
-0.855997
-0.782934
-0.705312
-0.628911
-0.559089
-0.500485
-0.456879
-0.431158
-0.425344
-0.440595
-0.477124
-0.533974
-0.608649
-0.69661
-0.790761
-0.881066
-0.95456
-0.996003
-0.989404
-0.920495
-0.77993
-0.566688
-0.290798
0.0256148
0.349775
0.642491
0.864641
0.984574
0.984574
0.864641
0.642491
0.349775
0.0256148
-0.290798
-0.566688
-0.77993
-0.920495
-0.989404
-0.996003
-0.95456
-0.881066
-0.790761
-0.69661
-0.608649
-0.533974
-0.477124
-0.440595
-0.425344
-0.431158
-0.456879
-0.500485
-0.559089
-0.628911
-0.705312
-0.782934
-0.855997
-0.91874
-0.96597
-0.993631
-0.99929
-0.982442
-0.94458
-0.889003
-0.820402
-0.744327
-0.66661
-0.592868
-0.528128
-0.476606
-0.441637
-0.42567
-0.430299
-0.456229
-0.503123
-0.569313
-0.651347
-0.743468
-0.837139
-0.920827
-0.980294
-0.999676
-0.963479
-0.859466
-0.682049
-0.435471
-0.135822
0.189093
0.502596
0.764625
0.93888
1
0.93888
0.764625
0.502596
0.189093
-0.135822
-0.435471
-0.682049
-0.859466
-0.963479
-0.999676
-0.980294
-0.920827
-0.837139
-0.743468
-0.651347
-0.569313
-0.503123
-0.456229
-0.430299
-0.42567
-0.441637
-0.476606
-0.528128
-0.592868
-0.66661
-0.744327
-0.820402
-0.889003
-0.94458
-0.982442
-0.99929
-0.993631
-0.96597
-0.91874
-0.855997
-0.782934
-0.705312
-0.628911
-0.559089
-0.500485
-0.456879
-0.431158
-0.425344
-0.440595
-0.477124
-0.533974
-0.608649
-0.69661
-0.790761
-0.881066
-0.95456
-0.996003
-0.989404
-0.920495
-0.77993
-0.566688
-0.290798
0.0256148
0.349775
0.642491
0.864641
0.984574
0.984574
0.864641
0.642491
0.349775
0.0256148
-0.290798
-0.566688
-0.77993
-0.920495
-0.989404
-0.996003
-0.95456
-0.881066
-0.790761
-0.69661
-0.608649
-0.533974
-0.477124
-0.440595
-0.425344
-0.431158
-0.456879
-0.500485
-0.559089
-0.628911
-0.705312
-0.782934
-0.855997
-0.91874
-0.96597
-0.993631
-0.99929
-0.982442
-0.94458
-0.889003
-0.820402
-0.744327
-0.66661
-0.592868
-0.528128
-0.476606
-0.441637
-0.42567
-0.430299
-0.456229
-0.503123
-0.569313
-0.651347
-0.743468
-0.837139
-0.920827
-0.980294
-0.999676
-0.963479
-0.859466
-0.682049
-0.435471
-0.135822
0.189093
0.502596
0.764625
0.93888
1
0.93888
0.764625
0.502596
0.189093
-0.135822
-0.435471
-0.682049
-0.859466
-0.963479
-0.999676
-0.980294
-0.920827
-0.837139
-0.743468
-0.651347
-0.569313
-0.503123
-0.456229
-0.430299
-0.42567
-0.441637
-0.476606
-0.528128
-0.592868
-0.66661
-0.744327
-0.820402
-0.889003
-0.94458
-0.982442
-0.99929
-0.993631
-0.96597
-0.91874
-0.855997
-0.782934
-0.705312
-0.628911
-0.559089
-0.500485
-0.456879
-0.431158
-0.425344
-0.440595
-0.477124
-0.533974
-0.608649
-0.69661
-0.790761
-0.881066
-0.95456
-0.996003
-0.989404
-0.920495
-0.77993
-0.566688
-0.290798
0.0256148
0.349775
0.642491
0.864641
0.984574
0.984574
0.864641
0.642491
0.349775
0.0256148
-0.290798
-0.566688
-0.77993
-0.920495
-0.989404
-0.996003
-0.95456
-0.881066
-0.790761
-0.69661
-0.608649
-0.533974
-0.477124
-0.440595
-0.425344
-0.431158
-0.456879
-0.500485
-0.559089
-0.628911
-0.705312
-0.782934
-0.855997
-0.91874
-0.96597
-0.993631
-0.99929
-0.982442
-0.94458
-0.889003
-0.820402
-0.744327
-0.66661
-0.592868
-0.528128
-0.476606
-0.441637
-0.42567
-0.430299
-0.456229
-0.503123
-0.569313
-0.651347
-0.743468
-0.837139
-0.920827
-0.980294
-0.999676
-0.963479
-0.859466
-0.682049
-0.435471
-0.135822
0.189093
0.502596
0.764625
0.93888
1
0.93888
0.764625
0.502596
0.189093
-0.135822
-0.435471
-0.682049
-0.859466
-0.963479
-0.999676
-0.980294
-0.920827
-0.837139
-0.743468
-0.651347
-0.569313
-0.503123
-0.456229
-0.430299
-0.42567
-0.441637
-0.476606
-0.528128
-0.592868
-0.66661
-0.744327
-0.820402
-0.889003
-0.94458
-0.982442
-0.99929
-0.993631
-0.96597
-0.91874
-0.855997
-0.782934
-0.705312
-0.628911
-0.559089
-0.500485
-0.456879
-0.431158
-0.425344
-0.440595
-0.477124
-0.533974
-0.608649
-0.69661
-0.790761
-0.881066
-0.95456
-0.996003
-0.989404
-0.920495
-0.77993
-0.566688
-0.290798
0.0256148
0.349775
0.642491
0.864641
0.984574
0.984574
0.864641
0.642491
0.349775
0.0256148
-0.290798
-0.566688
-0.77993
-0.920495
-0.989404
-0.996003
-0.95456
-0.881066
-0.790761
-0.69661
-0.608649
-0.533974
-0.477124
-0.440595
-0.425344
-0.431158
-0.456879
-0.500485
-0.559089
-0.628911
-0.705312
-0.782934
-0.855997
-0.91874
-0.96597
-0.993631
-0.99929
-0.982442
-0.94458
-0.889003
-0.820402
-0.744327
-0.66661
-0.592868
-0.528128
-0.476606
-0.441637
-0.42567
-0.430299
-0.456229
-0.503123
-0.569313
-0.651347
-0.743468
-0.837139
-0.920827
-0.980294
-0.999676
-0.963479
-0.859466
-0.682049
-0.435471
-0.135822
0.189093
0.502596
0.764625
0.93888
1
0.93888
0.764625
0.502596
0.189093
-0.135822
-0.435471
-0.682049
-0.859466
-0.963479
-0.999676
-0.980294
-0.920827
-0.837139
-0.743468
-0.651347
-0.569313
-0.503123
-0.456229
-0.430299
-0.42567
-0.441637
-0.476606
-0.528128
-0.592868
-0.66661
-0.744327
-0.820402
-0.889003
-0.94458
-0.982442
-0.99929
-0.993631
-0.96597
-0.91874
-0.855997
-0.782934
-0.705312
-0.628911
-0.559089
-0.500485
-0.456879
-0.431158
-0.425344
-0.440595
-0.477124
-0.533974
-0.608649
-0.69661
-0.790761
-0.881066
-0.95456
-0.996003
-0.989404
-0.920495
-0.77993
-0.566688
-0.290798
0.0256148
0.349775
0.642491
0.864641
0.984574
0.984574
0.864641
0.642491
0.349775
0.0256148
-0.290798
-0.566688
-0.77993
-0.920495
-0.989404
-0.996003
-0.95456
-0.881066
-0.790761
-0.69661
-0.608649
-0.533974
-0.477124
-0.440595
-0.425344
-0.431158
-0.456879
-0.500485
-0.559089
-0.628911
-0.705312
-0.782934
-0.855997
-0.91874
-0.96597
-0.993631
-0.99929
-0.982442
-0.94458
-0.889003
-0.820402
-0.744327
-0.66661
-0.592868
-0.528128
-0.476606
-0.441637
-0.42567
-0.430299
-0.456229
-0.503123
-0.569313
-0.651347
-0.743468
-0.837139
-0.920827
-0.980294
-0.999676
-0.963479
-0.859466
-0.682049
-0.435471
-0.135822
0.189093
0.502596
0.764625
0.93888
1
0.93888
0.764625
0.502596
0.189093
-0.135822
-0.435471
-0.682049
-0.859466
-0.963479
-0.999676
-0.980294
-0.920827
-0.837139
-0.743468
-0.651347
-0.569313
-0.503123
-0.456229
-0.430299
-0.42567
-0.441637
-0.476606
-0.528128
-0.592868
-0.66661
-0.744327
-0.820402
-0.889003
-0.94458
-0.982442
-0.99929
-0.993631
-0.96597
-0.91874
-0.855997
-0.782934
-0.705312
-0.628911
-0.559089
-0.500485
-0.456879
-0.431158
-0.425344
-0.440595
-0.477124
-0.533974
-0.608649
-0.69661
-0.790761
-0.881066
-0.95456
-0.996003
-0.989404
-0.920495
-0.77993
-0.566688
-0.290798
0.0256148
0.349775
0.642491
0.864641
0.984574
0.984574
0.864641
0.642491
0.349775
0.0256148
-0.290798
-0.566688
-0.77993
-0.920495
-0.989404
-0.996003
-0.95456
-0.881066
-0.790761
-0.69661
-0.608649
-0.533974
-0.477124
-0.440595
-0.425344
-0.431158
-0.456879
-0.500485
-0.559089
-0.628911
-0.705312
-0.782934
-0.855997
-0.91874
-0.96597
-0.993631
-0.99929
-0.982442
-0.94458
-0.889003
-0.820402
-0.744327
-0.66661
-0.592868
-0.528128
-0.476606
-0.441637
-0.42567
-0.430299
-0.456229
-0.503123
-0.569313
-0.651347
-0.743468
-0.837139
-0.920827
-0.980294
-0.999676
-0.963479
-0.859466
-0.682049
-0.435471
-0.135822
0.189093
0.502596
0.764625
0.93888
1
0.93888
0.764625
0.502596
0.189093
-0.135822
-0.435471
-0.682049
-0.859466
-0.963479
-0.999676
-0.980294
-0.920827
-0.837139
-0.743468
-0.651347
-0.569313
-0.503123
-0.456229
-0.430299
-0.42567
-0.441637
-0.476606
-0.528128
-0.592868
-0.66661
-0.744327
-0.820402
-0.889003
-0.94458
-0.982442
-0.99929
-0.993631
-0.96597
-0.91874
-0.855997
-0.782934
-0.705312
-0.628911
-0.559089
-0.500485
-0.456879
-0.431158
-0.425344
-0.440595
-0.477124
-0.533974
-0.608649
-0.69661
-0.790761
-0.881066
-0.95456
-0.996003
-0.989404
-0.920495
-0.77993
-0.566688
-0.290798
0.0256148
0.349775
0.642491
0.864641
0.984574
0.984574
0.864641
0.642491
0.349775
0.0256148
-0.290798
-0.566688
-0.77993
-0.920495
-0.989404
-0.996003
-0.95456
-0.881066
-0.790761
-0.69661
-0.608649
-0.533974
-0.477124
-0.440595
-0.425344
-0.431158
-0.456879
-0.500485
-0.559089
-0.628911
-0.705312
-0.782934
-0.855997
-0.91874
-0.96597
-0.993631
-0.99929
-0.982442
-0.94458
-0.889003
-0.820402
-0.744327
-0.66661
-0.592868
-0.528128
-0.476606
-0.441637
-0.42567
-0.430299
-0.456229
-0.503123
-0.569313
-0.651347
-0.743468
-0.837139
-0.920827
-0.980294
-0.999676
-0.963479
-0.859466
-0.682049
-0.435471
-0.135822
0.189093
0.502596
0.764625
0.93888
