1
1.49423
1.95829
2.37304
2.721
2.98713
3.15935
3.22916
3.19188
3.04694
2.79789
2.4523
2.02144
1.5199
0.964996
0.376124
-0.226007
-0.82017
-1.38545
-1.90205
-2.35206
-2.72017
-2.99421
-3.16567
-3.22997
-3.18666
-3.03938
-2.79573
-2.46692
-2.06732
-1.61384
-1.12529
-0.621595
-0.122957
0.350909
0.781591
1.15271
1.45057
1.66471
1.78827
1.81829
1.75582
1.60579
1.37685
1.08097
0.73293
0.349706
-0.0502592
-0.447821
-0.823932
-1.16045
-1.44088
-1.65109
-1.7799
-1.81957
-1.7661
-1.61946
-1.38361
-1.06632
-0.678906
-0.235801
0.246048
0.747833
1.24964
1.73126
2.17297
2.55637
2.86513
3.0856
3.20744
3.22404
3.13274
2.93505
2.63654
2.24669
1.77848
1.24795
0.673533
0.0753913
-0.525409
-1.10769
-1.65101
-2.1364
-2.54719
-2.86957
-3.09314
-3.21134
-3.22163
-3.12563
-2.92898
-2.64114
-2.27496
-1.84617
-1.37272
-0.874073
-0.37039
0.118263
0.572727
0.975522
1.31154
1.56862
1.73809
1.815
1.7984
1.69129
1.5005
1.23641
0.912451
0.54459
0.150627
-0.250543
-0.639722
-0.998216
-1.30862
-1.55553
-1.72624
-1.81122
-1.80457
-1.70427
-1.51229
-1.23451
-0.880541
-0.463308
0.00142089
0.495676
1
1.49423
1.95829
2.37304
2.721
2.98713
3.15935
3.22916
3.19188
3.04694
2.79789
2.4523
2.02144
1.5199
0.964996
0.376124
-0.226007
-0.82017
-1.38545
-1.90205
-2.35206
-2.72017
-2.99421
-3.16567
-3.22997
-3.18666
-3.03938
-2.79573
-2.46692
-2.06732
-1.61384
-1.12529
-0.621595
-0.122957
0.350909
0.781591
1.15271
1.45057
1.66471
1.78827
1.81829
1.75582
1.60579
1.37685
1.08097
0.73293
0.349706
-0.0502592
-0.447821
-0.823932
-1.16045
-1.44088
-1.65109
-1.7799
-1.81957
-1.7661
-1.61946
-1.38361
-1.06632
-0.678906
-0.235801
0.246048
0.747833
1.24964
1.73126
2.17297
2.55637
2.86513
3.0856
3.20744
3.22404
3.13274
2.93505
2.63654
2.24669
1.77848
1.24795
0.673533
0.0753913
-0.525409
-1.10769
-1.65101
-2.1364
-2.54719
-2.86957
-3.09314
-3.21134
-3.22163
-3.12563
-2.92898
-2.64114
-2.27496
-1.84617
-1.37272
-0.874073
-0.37039
0.118263
0.572727
0.975522
1.31154
1.56862
1.73809
1.815
1.7984
1.69129
1.5005
1.23641
0.912451
0.54459
0.150627
-0.250543
-0.639722
-0.998216
-1.30862
-1.55553
-1.72624
-1.81122
-1.80457
-1.70427
-1.51229
-1.23451
-0.880541
-0.463308
0.00142089
0.495676
1
1.49423
1.95829
2.37304
2.721
2.98713
3.15935
3.22916
3.19188
3.04694
2.79789
2.4523
2.02144
1.5199
0.964996
0.376124
-0.226007
-0.82017
-1.38545
-1.90205
-2.35206
-2.72017
-2.99421
-3.16567
-3.22997
-3.18666
-3.03938
-2.79573
-2.46692
-2.06732
-1.61384
-1.12529
-0.621595
-0.122957
0.350909
0.781591
1.15271
1.45057
1.66471
1.78827
1.81829
1.75582
1.60579
1.37685
1.08097
0.73293
0.349706
-0.0502592
-0.447821
-0.823932
-1.16045
-1.44088
-1.65109
-1.7799
-1.81957
-1.7661
-1.61946
-1.38361
-1.06632
-0.678906
-0.235801
0.246048
0.747833
1.24964
1.73126
2.17297
2.55637
2.86513
3.0856
3.20744
3.22404
3.13274
2.93505
2.63654
2.24669
1.77848
1.24795
0.673533
0.0753913
-0.525409
-1.10769
-1.65101
-2.1364
-2.54719
-2.86957
-3.09314
-3.21134
-3.22163
-3.12563
-2.92898
-2.64114
-2.27496
-1.84617
-1.37272
-0.874073
-0.37039
0.118263
0.572727
0.975522
1.31154
1.56862
1.73809
1.815
1.7984
1.69129
1.5005
1.23641
0.912451
0.54459
0.150627
-0.250543
-0.639722
-0.998216
-1.30862
-1.55553
-1.72624
-1.81122
-1.80457
-1.70427
-1.51229
-1.23451
-0.880541
-0.463308
0.00142089
0.495676
1
1.49423
1.95829
2.37304
2.721
2.98713
3.15935
3.22916
3.19188
3.04694
2.79789
2.4523
2.02144
1.5199
0.964996
0.376124
-0.226007
-0.82017
-1.38545
-1.90205
-2.35206
-2.72017
-2.99421
-3.16567
-3.22997
-3.18666
-3.03938
-2.79573
-2.46692
-2.06732
-1.61384
-1.12529
-0.621595
-0.122957
0.350909
0.781591
1.15271
1.45057
1.66471
1.78827
1.81829
1.75582
1.60579
1.37685
1.08097
0.73293
0.349706
-0.0502592
-0.447821
-0.823932
-1.16045
-1.44088
-1.65109
-1.7799
-1.81957
-1.7661
-1.61946
-1.38361
-1.06632
-0.678906
-0.235801
0.246048
0.747833
1.24964
1.73126
2.17297
2.55637
2.86513
3.0856
3.20744
3.22404
3.13274
2.93505
2.63654
2.24669
1.77848
1.24795
0.673533
0.0753913
-0.525409
-1.10769
-1.65101
-2.1364
-2.54719
-2.86957
-3.09314
-3.21134
-3.22163
-3.12563
-2.92898
-2.64114
-2.27496
-1.84617
-1.37272
-0.874073
-0.37039
0.118263
0.572727
0.975522
1.31154
1.56862
1.73809
1.815
1.7984
1.69129
1.5005
1.23641
0.912451
0.54459
0.150627
-0.250543
-0.639722
-0.998216
-1.30862
-1.55553
-1.72624
-1.81122
-1.80457
-1.70427
-1.51229
-1.23451
-0.880541
-0.463308
0.00142089
0.495676
1
1.49423
1.95829
2.37304
2.721
2.98713
3.15935
3.22916
3.19188
3.04694
2.79789
2.4523
2.02144
1.5199
0.964996
0.376124
-0.226007
-0.82017
-1.38545
-1.90205
-2.35206
-2.72017
-2.99421
-3.16567
-3.22997
-3.18666
-3.03938
-2.79573
-2.46692
-2.06732
-1.61384
-1.12529
-0.621595
-0.122957
0.350909
0.781591
1.15271
1.45057
1.66471
1.78827
1.81829
1.75582
1.60579
1.37685
1.08097
0.73293
0.349706
-0.0502592
-0.447821
-0.823932
-1.16045
-1.44088
-1.65109
-1.7799
-1.81957
-1.7661
-1.61946
-1.38361
-1.06632
-0.678906
-0.235801
0.246048
0.747833
1.24964
1.73126
2.17297
2.55637
2.86513
3.0856
3.20744
3.22404
3.13274
2.93505
2.63654
2.24669
1.77848
1.24795
0.673533
0.0753913
-0.525409
-1.10769
-1.65101
-2.1364
-2.54719
-2.86957
-3.09314
-3.21134
-3.22163
-3.12563
-2.92898
-2.64114
-2.27496
-1.84617
-1.37272
-0.874073
-0.37039
0.118263
0.572727
0.975522
1.31154
1.56862
1.73809
1.815
1.7984
1.69129
1.5005
1.23641
0.912451
0.54459
0.150627
-0.250543
-0.639722
-0.998216
-1.30862
-1.55553
-1.72624
-1.81122
-1.80457
-1.70427
-1.51229
-1.23451
-0.880541
-0.463308
0.00142089
0.495676
1
1.49423
1.95829
2.37304
2.721
2.98713
3.15935
3.22916
3.19188
3.04694
2.79789
2.4523
2.02144
1.5199
0.964996
0.376124
-0.226007
-0.82017
-1.38545
-1.90205
-2.35206
-2.72017
-2.99421
-3.16567
-3.22997
-3.18666
-3.03938
-2.79573
-2.46692
-2.06732
-1.61384
-1.12529
-0.621595
-0.122957
0.350909
0.781591
1.15271
1.45057
1.66471
1.78827
1.81829
1.75582
1.60579
1.37685
1.08097
0.73293
0.349706
-0.0502592
-0.447821
-0.823932
-1.16045
-1.44088
-1.65109
-1.7799
-1.81957
-1.7661
-1.61946
-1.38361
-1.06632
-0.678906
-0.235801
0.246048
0.747833
1.24964
1.73126
2.17297
2.55637
2.86513
3.0856
3.20744
3.22404
3.13274
2.93505
2.63654
2.24669
1.77848
1.24795
0.673533
0.0753913
-0.525409
-1.10769
-1.65101
-2.1364
-2.54719
-2.86957
-3.09314
-3.21134
-3.22163
-3.12563
-2.92898
-2.64114
-2.27496
-1.84617
-1.37272
-0.874073
-0.37039
0.118263
0.572727
0.975522
1.31154
1.56862
1.73809
1.815
1.7984
1.69129
1.5005
1.23641
0.912451
0.54459
0.150627
-0.250543
-0.639722
-0.998216
-1.30862
-1.55553
-1.72624
-1.81122
-1.80457
-1.70427
-1.51229
-1.23451
-0.880541
-0.463308
0.00142089
0.495676
1
1.49423
1.95829
2.37304
2.721
2.98713
3.15935
3.22916
3.19188
3.04694
2.79789
2.4523
2.02144
1.5199
0.964996
0.376124
-0.226007
-0.82017
-1.38545
-1.90205
-2.35206
-2.72017
-2.99421
-3.16567
-3.22997
-3.18666
-3.03938
-2.79573
-2.46692
-2.06732
-1.61384
-1.12529
-0.621595
-0.122957
0.350909
0.781591
1.15271
1.45057
1.66471
1.78827
1.81829
1.75582
1.60579
1.37685
1.08097
0.73293
0.349706
-0.0502592
-0.447821
-0.823932
-1.16045
-1.44088
-1.65109
-1.7799
-1.81957
-1.7661
-1.61946
-1.38361
-1.06632
-0.678906
-0.235801
0.246048
0.747833
1.24964
1.73126
2.17297
2.55637
2.86513
3.0856
3.20744
3.22404
3.13274
2.93505
2.63654
2.24669
1.77848
1.24795
0.673533
0.0753913
-0.525409
-1.10769
-1.65101
-2.1364
-2.54719
-2.86957
-3.09314
-3.21134
-3.22163
-3.12563
-2.92898
-2.64114
-2.27496
-1.84617
-1.37272
-0.874073
-0.37039
0.118263
0.572727
0.975522
1.31154
1.56862
1.73809
1.815
1.7984
1.69129
1.5005
1.23641
0.912451
0.54459
0.150627
-0.250543
-0.639722
-0.998216
-1.30862
-1.55553
-1.72624
-1.81122
-1.80457
-1.70427
-1.51229
-1.23451
-0.880541
-0.463308
0.00142089
0.495676
1
1.49423
1.95829
2.37304
2.721
2.98713
3.15935
3.22916
3.19188
3.04694
2.79789
2.4523
2.02144
1.5199
0.964996
0.376124
-0.226007
-0.82017
-1.38545
-1.90205
-2.35206
-2.72017
-2.99421
-3.16567
-3.22997
-3.18666
-3.03938
-2.79573
-2.46692
-2.06732
-1.61384
-1.12529
-0.621595
-0.122957
0.350909
0.781591
1.15271
1.45057
1.66471
1.78827
1.81829
1.75582
1.60579
1.37685
1.08097
0.73293
0.349706
-0.0502592
-0.447821
-0.823932
-1.16045
-1.44088
-1.65109
-1.7799
-1.81957
-1.7661
-1.61946
-1.38361
-1.06632
-0.678906
-0.235801
0.246048
0.747833
1.24964
1.73126
2.17297
2.55637
2.86513
3.0856
3.20744
3.22404
3.13274
2.93505
2.63654
2.24669
1.77848
1.24795
0.673533
0.0753913
-0.525409
-1.10769
-1.65101
-2.1364
-2.54719
-2.86957
-3.09314
-3.21134
-3.22163
-3.12563
-2.92898
-2.64114
-2.27496
-1.84617
-1.37272
-0.874073
-0.37039
0.118263
0.572727
0.975522
1.31154
1.56862
1.73809
1.815
1.7984
1.69129
1.5005
1.23641
0.912451
0.54459
0.150627
-0.250543
-0.639722
-0.998216
-1.30862
-1.55553
-1.72624
-1.81122
-1.80457
-1.70427
-1.51229
-1.23451
-0.880541
-0.463308
0.00142089
0.495676
