-104.775
-2.68618
9.89344
-0.871435
5.33293
10.9904
0.0916837
-2.7315
-3.5739
0.995384
11.7816
1.72353
18.6324
-0.933225
2.78142
-10.7509
7.29271
11.4631
-0.267236
-10.6953
-2.6548
-3.1806
5.29418
-4.48086
-1.03722
4.15726
-5.80491
5.51113
-0.356795
-2.78665
-11.573
1.72071
-11.0521
5.89968
17.1039
3.39701
-2.62993
26.9617
-10.3141
-4.22416
-0.849569
-2.97128
-4.79276
-3.06416
4.79621
3.47405
-0.157257
-1.46718
-1.56554
-3.39757
7.56955
-3.2761
-6.31546
6.88234
-7.80056
-3.46318
8.42827
0.0470219
17.225
-7.63198
-1.48389
0.389728
7.95831
16.5406
1.71451
5.30136
1.70215
-6.03342
-9.15136
-11.123
-1.25944
-2.41048
-6.17948
-4.06327
2.47104
0.578642
-2.77325
2.41191
-3.80635
6.6799
2.06443
6.21515
0.089837
7.94053
-2.08843
5.51176
1.34341
-3.01799
0.659145
-2.98431
-5.60273
16.2667
-16.7662
1.03459
1.64615
-2.99692
-3.05033
-6.27647
-7.38646
12.3264
0.184573
-6.00356
-3.25062
0.15243
-6.85321
-9.22527
-2.78091
5.24511
0.588147
-3.08416
3.13851
-8.69087
-0.679818
-3.199
-2.75609
16.012
-1.87889
1.38791
-2.48267
0.0787899
3.48548
-9.80642
-3.00955
-1.18077
-0.049492
6.7269
19.3092
-10.8064
-3.89312
3.24431
-4.72929
-2.99263
-1.89041
-5.56986
-0.234048
-7.18584
-6.04248
-2.95537
22.7224
7.46753
-3.546
-3.18772
17.7967
-3.30999
-5.10505
-0.755524
-5.82204
4.93932
-0.331365
-4.75603
-0.568527
-4.94607
-0.0660516
6.92028
-4.49206
1.07578
12.4891
3.60264
-2.84723
6.56231
-3.77668
2.81329
-3.54797
-3.21859
9.81387
-11.5366
-8.50812
3.87219
-2.03852
-1.54363
-1.08403
-4.80043
7.56424
-1.26971
-3.71692
0.0368982
17.3694
3.42635
-0.407819
-3.02832
10.4077
2.59723
-2.09379
-4.77934
-1.99319
-3.29343
-1.21396
1.17759
-5.32499
-2.93591
3.27827
2.76612
-5.1822
-7.03956
-5.31048
-3.13012
21.4607
12.093
-12.1933
-4.42537
-4.03796
10.1128
-17.4615
-3.07912
-2.35591
0.962926
6.45511
-4.36227
12.2777
-2.46391
-19.3128
-0.66996
3.44497
-3.21563
-1.22722
11.8291
-9.54236
-3.06896
-4.80458
8.61074
0.263483
-2.97386
5.93426
-3.759
-4.88692
-3.3106
4.37336
-7.75483
0.940294
31.5594
-3.99691
3.43525
-3.236
-5.99478
-12.1342
7.21632
2.85209
2.64317
-2.30703
-2.58146
-5.04265
-2.58286
-2.16957
-1.40925
-6.03908
-2.99761
14.1605
21.7165
-6.8734
4.11122
-0.0667643
-5.46353
0.129948
-2.10833
1.38874
6.86661
6.43309
18.556
-3.91922
-1.15325
-3.10972
4.4024
-1.38043
-7.06438
-2.45174
9.88875
-2.97696
-1.73081
-4.36118
-2.9128
3.4553
-4.54313
-6.21899
-1.18854
2.31289
-8.52872
7.42394
-5.02007
-11.5312
-9.01887
-3.24482
12.9865
17.1559
-0.577325
-1.30116
9.97628
-2.27327
0.146455
-2.21321
-4.69954
-1.9512
-3.32092
4.38968
4.43862
-4.03824
-6.01353
3.59064
-2.22433
0.527654
-4.16155
-8.77396
-2.92075
-3.00318
-5.25971
2.82171
3.71411
-4.86835
-4.98138
-2.54812
13.2204
8.54576
-6.6837
-2.09968
-0.0982634
-3.46909
-1.54439
10.2582
-0.597451
-3.2396
-2.48885
-0.542172
-4.41227
-1.16285
-2.06895
6.31306
5.59447
-4.44427
-2.25263
0.109532
-5.6858
-9.75866
4.21693
-1.0749
14.4983
-3.37316
-3.39583
-3.43374
-3.33176
0.489343
-14.9554
-8.43663
-10.1106
-8.00415
-4.63228
17.6738
1.48002
-2.71363
-10.3896
-3.01318
-1.59571
1.88266
4.1392
-0.774946
-1.92593
-4.72576
-2.48494
16.0298
4.55901
8.31842
-7.05001
-2.19446
3.68532
12.5282
0.210582
1.25652
-10.7093
16.9241
-1.94463
-1.34634
17.1675
15.916
-5.88708
-4.23745
14.5766
-0.810188
-6.4453
-1.28962
1.32402
8.77525
-0.512546
-7.85248
-0.376186
-13.9093
2.64414
-1.88499
16.0351
0.330754
12.0426
-2.54695
-4.8705
-2.58136
-0.852914
-2.57702
-4.24422
-1.66528
21.3893
-3.5751
-20.008
-3.63586
-7.81196
-0.313538
-1.54606
-10.3709
-6.43274
1.64637
7.59484
2.36198
6.51341
23.0643
-12.5508
-2.02482
6.74073
-6.53138
16.1463
-2.9924
-1.09335
-4.4897
-5.45321
-3.68
1.49139
-11.0606
-10.9386
-6.54261
6.87444
-4.76051
5.76493
-6.68851
7.16449
2.56867
-16.0828
-3.97367
-5.74951
-10.6686
8.48989
-6.69212
-1.02725
-5.35825
-4.03459
-5.43137
0.356492
-4.74839
17.4179
-0.756009
5.2449
1.21816
15.3703
4.43481
-5.07433
3.8005
-1.35433
-4.76244
10.9816
0.64235
12.5293
-2.84527
-1.92896
11.7629
0.95466
11.112
-5.21878
-3.77912
20.6672
-3.22734
9.48157
17.4886
6.113
-5.04088
-0.599897
-0.0338135
-12.0903
1.64562
-2.40192
-7.88823
-3.78352
-0.467707
-5.30631
-6.71516
2.53036
6.1303
3.14601
-0.48714
0.889394
4.83072
-1.79865
4.11451
-3.48274
-11.0454
14.4589
12.2969
19.429
33.9321
-2.14442
-2.27461
-2.5091
-3.40687
-20.1363
-5.12519
-2.51115
-4.33142
-3.52701
-2.80121
7.84934
-4.76589
-15.3997
-2.74006
-0.288088
-5.77175
-4.71924
14.983
-2.49539
-3.93376
-8.14943
-3.52822
2.41047
-3.11674
-5.82846
14.3355
-2.24519
13.2591
-1.01702
9.23333
-8.77793
-0.38875
1.23495
-3.48789
11.578
-7.15366
-2.94191
18.0771
12.5903
-2.92186
-1.28741
2.9973
-2.12303
-6.68204
-2.56753
-5.91772
-3.23958
-0.356019
-5.37276
-2.58196
-3.05849
-2.48644
-3.66402
0.979042
-4.20376
-6.21451
-0.514088
7.73563
-5.56405
0.549962
12.5157
-6.81926
-1.27714
-0.147297
-9.73042
5.48236
-10.2359
-0.526471
-3.61475
-9.93949
-1.82312
-5.19812
-4.73618
1.2647
-10.434
15.3852
10.7923
13.0562
16.6243
2.23745
-16.2422
1.64405
13.7893
-4.07482
0.403389
-5.58623
-1.89181
-2.4005
-8.54319
-0.578064
17.7613
-5.41496
18.2611
-15.2618
-4.71541
-2.29323
-0.529924
-11.6403
5.75123
-9.70798
-27.0338
3.0353
16.5926
-2.36284
0.843905
-3.80392
-11.9441
-8.94071
-2.89113
3.26029
3.26534
-3.63386
-2.89292
-2.599
-0.0987278
-5.11585
1.87967
-3.41564
2.69188
-0.344867
-1.15908
-0.812088
-0.537902
2.566
-4.48421
-0.910963
-3.5003
-7.03859
2.69365
6.21229
14.8965
-8.72995
4.76442
-2.2865
-6.17145
-2.47326
6.88834
9.74716
-5.90702
-2.17682
-0.439939
10.295
-0.409851
-3.03138
-8.05902
9.92029
-1.29777
1.49442
-9.20782
0.692582
-1.03685
-4.65599
-4.09502
-1.18405
0.957071
-2.94556
8.73198
-10.53
0.191693
-3.90481
-6.02447
0.911918
-2.25699
-0.17838
14.4354
-2.9164
-3.37041
-2.42117
-4.13045
-2.4261
16.5299
6.83065
-5.30129
3.31827
-8.75768
-0.733693
1.1525
4.81159
-3.10578
-1.07844
9.30417
7.82822
19.8085
-6.66714
-9.91684
-3.0735
3.06578
-2.96412
0.066673
-1.06992
3.81285
-6.28878
-14.9151
17.257
17.5279
-2.37813
-5.92299
-1.73337
-5.69424
5.95629
18.3387
16.4473
0.446222
-1.44784
-3.9237
-1.59647
2.40181
3.07764
9.61606
3.4637
1.73877
6.35593
-2.99945
6.67111
-3.40914
16.4326
14.398
17.1533
-2.37305
18.4715
-7.22554
2.79151
-5.2756
-9.21166
-1.12952
-7.44999
15.7402
0.88568
-2.39729
-1.44278
22.5653
-17.1937
-2.67319
-2.5142
-8.9881
3.77995
3.76632
20.0414
2.94921
3.33188
-5.23858
-3.63649
-3.57511
-3.31452
20.4348
10.1143
-8.67882
-2.40077
-3.02304
-1.31561
10.1157
4.1306
-4.79811
-5.95889
-2.03817
-4.00943
-4.0342
-1.72729
-16.8742
-4.41655
-6.61868
-3.7603
-2.13138
-14.3365
-3.40114
-10.1913
-0.205325
-3.14757
-3.53881
17.9601
-0.983148
8.47316
-3.71125
7.6232
11.7026
-3.37236
-11.6345
-9.35812
-5.27514
-2.54511
-9.15015
-1.7436
3.43423
1.05032
-14.0205
8.91542
6.79674
-2.03623
0.357827
-6.31317
-3.26701
-4.84381
15.1065
-2.58747
-8.19034
-7.1092
-4.84067
-0.972679
-5.91587
-5.62426
-2.19969
3.7951
-10.0195
-20.1539
2.05343
-0.604689
-2.35571
5.35425
-8.28031
3.97734
-0.368346
-2.79226
-9.4308
-12.3248
11.9752
-4.26367
-4.64532
8.70572
-5.34128
-4.11746
5.67842
-7.1107
-5.44916
-4.86871
9.56713
0.150192
-1.21395
-2.70959
-2.42998
-5.04471
5.24114
-2.6395
2.07766
-2.90203
-6.85325
-7.61526
-6.37066
-0.924385
13.1916
7.30132
19.7002
-7.17714
16.0517
4.62763
-3.37795
6.51362
-2.68187
19.0487
-3.42624
-10.5243
-8.7557
3.93937
-2.87992
-3.0738
-11.4839
10.0378
-0.426196
3.577
2.03758
4.43687
-2.61089
1.80974
-3.01155
-10.0869
-1.34601
0.497799
2.37435
-4.22264
-2.06769
2.52748
-5.05752
-15.6634
-3.09987
-4.41063
11.7224
-3.80949
-6.12031
-0.169465
0.724412
-2.41597
-2.76198
5.44061
-0.101929
-3.31337
-0.385457
11.3096
7.9411
-2.46379
-8.50739
15.5074
-10.2586
-7.02036
-2.0668
-4.08174
-1.23112
-13.9666
-4.18824
-6.30573
8.77013
-7.35573
-5.14201
-2.10093
0.469004
3.9449
-4.25702
-3.47756
-2.91739
-8.0458
-2.90761
20.347
-3.88655
7.47264
21.7014
-1.98237
4.98967
-2.47557
-3.12183
-0.721994
-1.11405
11.9655
23.2716
-1.77869
8.56917
-0.554324
-2.97692
5.04367
-16.89
1.75544
7.47633
8.10856
-2.59414
-7.46061
3.01582
-11.0457
-0.00914567
7.26947
6.09865
10.4789
3.97678
-0.910625
-2.87271
-3.71859
-4.39179
-4.71412
-3.3353
23.8469
-3.79033
18.4612
-1.44314
-4.21328
5.2593
-1.84127
-3.1932
-3.08772
-1.31018
-6.61318
-22.3064
-0.132333
-2.00706
4.13132
-1.5425
4.77967
15.1292
-2.96487
-0.165585
18.3773
14.1612
10.2225
27.0465
1.56499
-18.6469
-2.55942
-0.192563
-3.27941
-3.04861
-9.86181
-3.638
-1.98603
-4.40018
-2.28001
2.83281
-8.29137
10.8566
-4.32346
-14.9844
2.05812
-3.06456
9.86315
1.08483
-4.21192
8.36219
2.55027
18.6162
9.60133
-2.6518
-6.26185
-9.8695
-2.74657
-2.63339
-2.85048
-0.520226
-1.80388
2.00601
0.390104
-3.17163
20.3421
-2.96948
2.26499
-4.98674
