3.33034e-11
0.538744
9.75763
0.818194
3.41423
12.5614
1.02134
0.533151
0.439147
1.25759
15.0717
1.48714
72.9855
0.806636
1.89733
0.084122
5.36131
14.006
0.940322
0.0852056
0.54265
0.480773
3.3839
0.356381
0.787549
2.60451
0.262729
3.55724
0.921129
0.526423
0.0696151
1.48618
0.0784853
3.89016
51.3321
2.18626
0.545767
496.782
0.0930237
0.37808
0.822324
0.504512
0.331683
0.493837
3.01732
2.22538
0.964438
0.713317
0.697343
0.457344
5.71419
0.470317
0.23359
4.87792
0.165937
0.450487
6.96349
1.01089
52.784
0.172505
0.710577
1.09389
6.2493
45.0877
1.48406
3.3895
1.47984
0.249263
0.121581
0.0772144
0.748266
0.574052
0.24102
0.392349
1.76646
1.14252
0.52805
1.74257
0.416261
4.65575
1.60858
4.18326
1.0209
6.22376
0.618239
3.55776
1.36252
0.499116
1.1639
0.503001
0.27525
42.3323
0.0210564
1.26899
1.46088
0.501543
0.495412
0.235696
0.182538
17.086
1.04342
0.250983
0.473083
1.03572
0.206385
0.119529
0.52712
3.34588
1.14502
0.491569
2.05992
0.13518
0.855103
0.47874
0.53014
39.9212
0.6488
1.37655
0.56459
1.01831
2.23125
0.104558
0.500086
0.761943
0.988669
4.70642
85.2938
0.0830529
0.408027
2.11072
0.336566
0.502038
0.647082
0.277341
0.947535
0.191168
0.248743
0.506364
187.171
5.58152
0.441977
0.479985
60.2109
0.466661
0.30867
0.840326
0.261695
3.1184
0.926539
0.334501
0.877298
0.320179
0.984906
4.92071
0.355463
1.28109
17.7382
2.29226
0.519131
4.53138
0.419114
1.9113
0.441777
0.476586
9.58048
0.0702009
0.14099
2.43904
0.625386
0.700869
0.779107
0.331098
5.70721
0.746498
0.424921
1.00853
54.5676
2.20108
0.91037
0.497929
10.9842
1.81854
0.617477
0.33271
0.631947
0.468444
0.756142
1.31147
0.293428
0.508638
2.12729
1.89065
0.303236
0.197717
0.29441
0.486394
139.982
16.1921
0.0603485
0.360963
0.394642
10.2631
0.0179412
0.492139
0.581311
1.24822
4.4209
0.366246
16.8954
0.567034
0.0117143
0.857046
2.21053
0.476911
0.753837
15.2374
0.111113
0.493292
0.330782
7.26229
1.06255
0.504213
3.92127
0.420823
0.32457
0.466594
2.73739
0.167694
1.24174
1432
0.398391
2.20559
0.474679
0.251491
0.0611761
5.26784
1.92845
1.83788
0.587892
0.551892
0.313137
0.551714
0.606797
0.722895
0.248938
0.501463
26.0645
148.474
0.205428
2.57704
0.984745
0.284215
1.03037
0.615413
1.37681
4.86027
4.39855
71.7137
0.405582
0.766787
0.488683
2.75575
0.727708
0.19659
0.568625
9.7471
0.503853
0.671303
0.366338
0.511352
2.2158
0.351307
0.238837
0.760581
1.70329
0.140323
5.52578
0.31477
0.0702881
0.125347
0.473716
19.8906
51.9508
0.875523
0.741112
9.94554
0.59248
1.0343
0.60073
0.33888
0.638087
0.465487
2.74769
2.77883
0.394617
0.250407
2.28594
0.599194
1.12919
0.38357
0.132619
0.510417
0.50082
0.297871
1.91501
2.35186
0.32596
0.317586
0.556145
20.9914
7.15445
0.2146
0.61664
0.977628
0.449874
0.700746
10.6124
0.871475
0.474286
0.563787
0.882638
0.362053
0.765094
0.621019
4.27864
3.62616
0.359396
0.595301
1.02554
0.270035
0.105714
2.64054
0.780746
28.1726
0.459922
0.457527
0.453551
0.464327
1.11927
0.0319494
0.14333
0.0974865
0.158338
0.344169
58.5306
1.40605
0.535349
0.0914194
0.499669
0.692514
1.54265
2.5937
0.836576
0.64181
0.33684
0.564295
40.0847
2.85694
6.78956
0.197242
0.603328
2.33632
17.8985
1.04968
1.33552
0.0849311
49.2501
0.639053
0.733442
52.0894
39.0479
0.257805
0.376925
28.6854
0.829815
0.22671
0.743083
1.35645
7.54266
0.88868
0.163965
0.917025
0.0406513
1.83829
0.64789
40.1336
1.07913
16.005
0.556295
0.325799
0.551904
0.821691
0.552456
0.376338
0.68151
137.699
0.439025
0.00998164
0.432926
0.165502
0.93035
0.700478
0.0918143
0.227366
1.46095
5.74757
1.72266
4.48065
202.5
0.0555803
0.627361
4.72142
0.222261
41.1742
0.502065
0.777436
0.355656
0.284891
0.428549
1.40974
0.0783322
0.0805638
0.221687
4.86905
0.334156
3.77132
0.214363
5.20534
1.80662
0.0246447
0.400528
0.266103
0.0857316
7.06299
0.214184
0.78936
0.291189
0.394949
0.286327
1.08555
0.33509
55.1817
0.840232
3.34572
1.32378
34.4373
2.7764
0.310862
2.39911
0.732094
0.334007
12.5361
1.1594
17.9033
0.519365
0.641363
15.007
1.24585
12.9183
0.300692
0.418878
116.605
0.475627
8.87477
56.0867
4.08601
0.313265
0.870984
0.992244
0.061797
1.4607
0.575185
0.162621
0.418454
0.897903
0.294693
0.213051
1.79076
4.10232
2.06349
0.893894
1.22727
3.04139
0.660899
2.579
0.448463
0.0786068
27.9181
16.9704
87.6808
2472.92
0.61032
0.592297
0.561164
0.456366
0.00969093
0.307242
0.5609
0.368857
0.443914
0.524662
6.09445
0.333742
0.0288423
0.532101
0.935818
0.264743
0.337347
31.4994
0.562938
0.404226
0.153129
0.443791
1.742
0.487895
0.261309
27.1363
0.596323
21.1792
0.791222
8.38172
0.132497
0.914376
1.32891
0.447931
14.3813
0.19259
0.507936
64.2252
18.1565
0.510286
0.743462
1.99402
0.613334
0.214682
0.553665
0.255993
0.474288
0.921294
0.290218
0.551829
0.494483
0.564099
0.430128
1.25286
0.37986
0.239083
0.888365
5.93694
0.277712
1.135
17.8471
0.208005
0.745222
0.966652
0.106404
3.53375
0.0947127
0.885835
0.435036
0.101403
0.657185
0.302126
0.336033
1.33804
0.0904894
34.556
12.0012
20.2127
45.9651
1.67396
0.0237563
1.46017
23.9293
0.391307
1.09733
0.276297
0.646873
0.575374
0.139856
0.875374
59.7209
0.287411
67.0047
0.0297731
0.337644
0.589763
0.885131
0.0685447
3.75944
0.106955
0.00197981
2.01155
45.6306
0.580385
1.21448
0.416493
0.0639125
0.127623
0.51391
2.1185
2.12097
0.433126
0.513699
0.549667
0.977524
0.307903
1.54158
0.455445
1.85861
0.923662
0.765759
0.829452
0.883507
1.80551
0.356106
0.810781
0.446653
0.197761
1.85936
4.1805
30.8778
0.133969
2.99531
0.590677
0.241465
0.565815
4.88466
9.43444
0.256624
0.605784
0.903662
10.7029
0.909945
0.497579
0.15635
9.81814
0.741692
1.41073
0.12001
1.17289
0.787618
0.342296
0.389491
0.761369
1.24654
0.507509
7.46788
0.0885115
1.04513
0.406929
0.249777
1.23365
0.594705
0.959758
27.7675
0.510929
0.460213
0.572642
0.386327
0.571992
44.977
4.8202
0.295033
2.14698
0.133117
0.84456
1.30392
3.02802
0.489127
0.78011
8.51955
6.06487
95.6856
0.21542
0.101933
0.492777
2.02571
0.505346
1.01547
0.781643
2.40594
0.23503
0.0322471
53.1744
56.5964
0.578345
0.255683
0.670909
0.269511
3.9412
68.2137
44.1297
1.10821
0.716499
0.405164
0.692393
1.73853
2.03125
9.1539
2.22009
1.49237
4.32108
0.501251
4.64634
0.456127
43.9809
27.5295
51.9189
0.579022
70.331
0.189429
1.90174
0.296784
0.119904
0.77099
0.179888
37.4992
1.22622
0.575799
0.717335
180.521
0.0190821
0.540358
0.560506
0.126238
2.38779
2.3803
100.957
1.97206
2.15372
0.299324
0.432864
0.439025
0.466174
110.529
10.2666
0.135556
0.575338
0.498536
0.73865
10.2701
2.58857
0.331275
0.253578
0.625436
0.397243
0.394984
0.671848
0.0205389
0.361697
0.217837
0.420698
0.612156
0.0368423
0.456968
0.0956901
0.953822
0.484443
0.44271
62.5194
0.797416
7.03584
0.425476
5.78523
14.7998
0.460007
0.068635
0.115928
0.296815
0.556531
0.121614
0.66933
2.20507
1.2736
0.0396234
7.79008
4.78271
0.625716
1.08588
0.233713
0.471302
0.327808
32.4077
0.551129
0.151693
0.194572
0.328045
0.799341
0.256102
0.273888
0.602603
2.39613
0.0995527
0.00965187
1.60451
0.870024
0.581339
3.43103
0.148583
2.49882
0.918682
0.525743
0.114004
0.0585492
15.7588
0.374656
0.343137
7.42287
0.292329
0.387484
3.69694
0.194505
0.285157
0.325933
9.05135
1.03519
0.756145
0.535847
0.571481
0.312989
3.34282
0.544566
1.61349
0.512621
0.206384
0.173171
0.23064
0.808279
20.8528
5.37195
93.3301
0.191552
40.2877
2.90244
0.459414
4.48087
0.539278
80.3287
0.454334
0.0886273
0.133177
2.47706
0.515238
0.492742
0.0710573
10.0874
0.906526
2.27877
1.59867
2.77771
0.548165
1.51696
0.499856
0.0980196
0.733499
1.12145
1.72757
0.378213
0.621199
1.78957
0.312067
0.0271434
0.489794
0.362191
14.8675
0.415959
0.244326
0.961731
1.18152
0.573327
0.529422
3.49994
0.976803
0.466298
0.91507
13.5196
6.22458
0.56705
0.141014
35.5422
0.0942195
0.198593
0.621327
0.390684
0.753162
0.0401184
0.38122
0.234114
7.53379
0.183834
0.306055
0.616463
1.11404
2.48022
0.375231
0.448998
0.510812
0.156827
0.511964
108.319
0.408643
5.58809
147.959
0.633523
3.15477
0.565513
0.487323
0.846839
0.773741
15.7235
212.401
0.663943
7.19311
0.880172
0.503858
3.19424
0.0204644
1.49811
5.59285
6.46928
0.550283
0.179448
2.00254
0.0786005
0.997896
5.3327
4.07254
11.1658
2.49849
0.810844
0.516095
0.424758
0.363765
0.337744
0.463949
242.49
0.417799
70.1644
0.717276
0.379028
3.35684
0.654445
0.47938
0.491165
0.739575
0.218113
0.00587974
0.969989
0.629932
2.589
0.701052
3.00585
32.5779
0.505258
0.96259
68.823
26.0685
10.5257
506.585
1.43383
0.0136557
0.5547
0.956629
0.469958
0.495609
0.103233
0.432713
0.63299
0.363063
0.59156
1.91991
0.148205
12.1802
0.369533
0.0317364
1.60624
0.493792
9.6898
1.28376
0.379147
6.85834
1.79898
72.7143
9.1229
0.543025
0.236491
0.103051
0.531304
0.545332
0.518743
0.88711
0.660104
1.58709
1.09398
0.481767
108.197
0.504722
1.68461
0.317195
