0
0.618034
1.17557
1.61803
1.90211
2
1.90211
1.61803
1.17557
0.618034
-4.13646e-13
-0.618034
-1.17557
-1.61803
-1.90211
-2
-1.90211
-1.61803
-1.17557
-0.618034
8.27292e-13
0.618034
1.17557
1.61803
1.90211
2
1.90211
1.61803
1.17557
0.618034
-1.24271e-12
-0.618034
-1.17557
-1.61803
-1.90211
-2
-1.90211
-1.61803
-1.17557
-0.618034
1.65458e-12
0.618034
1.17557
1.61803
1.90211
2
1.90211
1.61803
1.17557
0.618034
-2.06645e-12
-0.618034
-1.17557
-1.61803
-1.90211
-2
-1.90211
-1.61803
-1.17557
-0.618034
2.48543e-12
0.618034
1.17557
1.61803
1.90211
2
1.90211
1.61803
1.17557
0.618034
-2.8973e-12
-0.618034
-1.17557
-1.61803
-1.90211
-2
-1.90211
-1.61803
-1.17557
-0.618034
3.30917e-12
0.618034
1.17557
1.61803
1.90211
2
1.90211
1.61803
1.17557
0.618034
-3.72104e-12
-0.618034
-1.17557
-1.61803
-1.90211
-2
-1.90211
-1.61803
-1.17557
-0.618034
4.13291e-12
0.618034
1.17557
1.61803
1.90211
2
1.90211
1.61803
1.17557
0.618034
-4.55188e-12
-0.618034
-1.17557
-1.61803
-1.90211
-2
-1.90211
-1.61803
-1.17557
-0.618034
0
0
0
0
0
0
0
0
0
0
-0
-0
-0
-0
-0
-0
-0
-0
-0
-0
0
0
0
0
0
0
0
0
0
0
-0
-0
-0
-0
-0
-0
-0
-0
-0
-0
0
0
0
0
0
0
0
0
0
0
-0
-0
-0
-0
-0
-0
-0
-0
-0
-0
0
0
0
0
0
0
0
0
0
0
-0
-0
-0
-0
-0
-0
-0
-0
-0
-0
0
0
0
0
0
0
0
0
0
0
-0
-0
-0
-0
-0
-0
-0
-0
-0
-0
0
0
0
0
0
0
0
0
0
0
-0
-0
-0
-0
-0
-0
-0
-0
-0
-0
0
0
0
0
0
0
0
0
0
0
-0
-0
-0
-0
-0
-0
-0
-0
-0
-0
0
0
0
0
0
0
0
0
0
0
-0
-0
-0
-0
-0
-0
-0
-0
-0
-0
1.15892e-11
0.618034
1.17557
1.61803
1.90211
2
1.90211
1.61803
1.17557
0.618034
-1.1994e-11
-0.618034
-1.17557
-1.61803
-1.90211
-2
-1.90211
-1.61803
-1.17557
-0.618034
1.23987e-11
0.618034
1.17557
1.61803
1.90211
2
1.90211
1.61803
1.17557
0.618034
-1.28319e-11
-0.618034
-1.17557
-1.61803
-1.90211
-2
-1.90211
-1.61803
-1.17557
-0.618034
0
0
0
0
0
0
0
0
0
0
-0
-0
-0
-0
-0
-0
-0
-0
-0
-0
0
0
0
0
0
0
0
0
0
0
-0
-0
-0
-0
-0
-0
-0
-0
-0
-0
0
0
0
0
0
0
0
0
0
0
-0
-0
-0
-0
-0
-0
-0
-0
-0
-0
0
0
0
0
0
0
0
0
0
0
-0
-0
-0
-0
-0
-0
-0
-0
-0
-0
0
0
0
0
0
0
0
0
0
0
-0
-0
-0
-0
-0
-0
-0
-0
-0
-0
0
0
0
0
0
0
0
0
0
0
-0
-0
-0
-0
-0
-0
-0
-0
-0
-0
0
0
0
0
0
0
0
0
0
0
-0
-0
-0
-0
-0
-0
-0
-0
-0
-0
0
0
0
0
0
0
0
0
0
0
-0
-0
-0
-0
-0
-0
-0
-0
-0
-0
1.98834e-11
0.618034
1.17557
1.61803
1.90211
2
1.90211
1.61803
1.17557
0.618034
-2.02598e-11
-0.618034
-1.17557
-1.61803
-1.90211
-2
-1.90211
-1.61803
-1.17557
-0.618034
2.0693e-11
0.618034
1.17557
1.61803
1.90211
2
1.90211
1.61803
1.17557
0.618034
-2.10693e-11
-0.618034
-1.17557
-1.61803
-1.90211
-2
-1.90211
-1.61803
-1.17557
-0.618034
2.15025e-11
0.618034
1.17557
1.61803
1.90211
2
1.90211
1.61803
1.17557
0.618034
-2.19357e-11
-0.618034
-1.17557
-1.61803
-1.90211
-2
-1.90211
-1.61803
-1.17557
-0.618034
2.2312e-11
0.618034
1.17557
1.61803
1.90211
2
1.90211
1.61803
1.17557
0.618034
-2.27452e-11
-0.618034
-1.17557
-1.61803
-1.90211
-2
-1.90211
-1.61803
-1.17557
-0.618034
2.31784e-11
0.618034
1.17557
1.61803
1.90211
2
1.90211
1.61803
1.17557
0.618034
-2.35547e-11
-0.618034
-1.17557
-1.61803
-1.90211
-2
-1.90211
-1.61803
-1.17557
-0.618034
2.39879e-11
0.618034
1.17557
1.61803
1.90211
2
1.90211
1.61803
1.17557
0.618034
-2.44211e-11
-0.618034
-1.17557
-1.61803
-1.90211
-2
-1.90211
-1.61803
-1.17557
-0.618034
0
0
0
0
0
0
0
0
0
0
-0
-0
-0
-0
-0
-0
-0
-0
-0
-0
0
0
0
0
0
0
0
0
0
0
-0
-0
-0
-0
-0
-0
-0
-0
-0
-0
0
0
0
0
0
0
0
0
0
0
-0
-0
-0
-0
-0
-0
-0
-0
-0
-0
0
0
0
0
0
0
0
0
0
0
-0
-0
-0
-0
-0
-0
-0
-0
-0
-0
0
0
0
0
0
0
0
0
0
0
-0
-0
-0
-0
-0
-0
-0
-0
-0
-0
0
0
0
0
0
0
0
0
0
0
-0
-0
-0
-0
-0
-0
-0
-0
-0
-0
0
0
0
0
0
0
0
0
0
0
-0
-0
-0
-0
-0
-0
-0
-0
-0
-0
0
0
0
0
0
0
0
0
0
0
-0
-0
-0
-0
-0
-0
-0
-0
-0
-0
3.14442e-11
0.618034
1.17557
1.61803
1.90211
2
1.90211
1.61803
1.17557
0.618034
-3.18774e-11
-0.618034
-1.17557
-1.61803
-1.90211
-2
-1.90211
-1.61803
-1.17557
-0.618034
3.22537e-11
0.618034
1.17557
1.61803
1.90211
2
1.90211
1.61803
1.17557
0.618034
-3.26869e-11
-0.618034
-1.17557
-1.61803
-1.90211
-2
-1.90211
-1.61803
-1.17557
-0.618034
3.30633e-11
0.618034
1.17557
1.61803
1.90211
2
1.90211
1.61803
1.17557
0.618034
-3.34965e-11
-0.618034
-1.17557
-1.61803
-1.90211
-2
-1.90211
-1.61803
-1.17557
-0.618034
3.39296e-11
0.618034
1.17557
1.61803
1.90211
2
1.90211
1.61803
1.17557
0.618034
-3.43628e-11
-0.618034
-1.17557
-1.61803
-1.90211
-2
-1.90211
-1.61803
-1.17557
-0.618034
0
0
0
0
0
0
0
0
0
0
-0
-0
-0
-0
-0
-0
-0
-0
-0
-0
0
0
0
0
0
0
0
0
0
0
-0
-0
-0
-0
-0
-0
-0
-0
-0
-0
3.64151e-11
0.618034
1.17557
1.61803
1.90211
2
1.90211
1.61803
1.17557
0.618034
-3.68483e-11
-0.618034
-1.17557
-1.61803
-1.90211
-2
-1.90211
-1.61803
-1.17557
-0.618034
3.72814e-11
0.618034
1.17557
1.61803
1.90211
2
1.90211
1.61803
1.17557
0.618034
-3.76009e-11
-0.618034
-1.17557
-1.61803
-1.90211
-2
-1.90211
-1.61803
-1.17557
-0.618034
0
0
0
0
0
0
0
0
0
0
-0
-0
-0
-0
-0
-0
-0
-0
-0
-0
0
0
0
0
0
0
0
0
0
0
-0
-0
-0
-0
-0
-0
-0
-0
-0
-0
3.97669e-11
0.618034
1.17557
1.61803
1.90211
2
1.90211
1.61803
1.17557
0.618034
-4.00864e-11
-0.618034
-1.17557
-1.61803
-1.90211
-2
-1.90211
-1.61803
-1.17557
-0.618034
4.05196e-11
0.618034
1.17557
1.61803
1.90211
2
1.90211
1.61803
1.17557
0.618034
-4.09528e-11
-0.618034
-1.17557
-1.61803
-1.90211
-2
-1.90211
-1.61803
-1.17557
-0.618034
0
0
0
0
0
0
0
0
0
0
-0
-0
-0
-0
-0
-0
-0
-0
-0
-0
0
0
0
0
0
0
0
0
0
0
-0
-0
-0
-0
-0
-0
-0
-0
-0
-0
4.3005e-11
0.618034
1.17557
1.61803
1.90211
2
1.90211
1.61803
1.17557
0.618034
-4.34382e-11
-0.618034
-1.17557
-1.61803
-1.90211
-2
-1.90211
-1.61803
-1.17557
-0.618034
4.38714e-11
0.618034
1.17557
1.61803
1.90211
2
1.90211
1.61803
1.17557
0.618034
-4.43046e-11
-0.618034
-1.17557
-1.61803
-1.90211
-2
-1.90211
-1.61803
-1.17557
-0.618034
0
0
0
0
0
0
0
0
0
0
-0
-0
-0
-0
-0
-0
-0
-0
-0
-0
0
0
0
0
0
0
0
0
0
0
-0
-0
-0
-0
-0
-0
-0
-0
-0
-0
0
0
0
0
0
0
0
0
0
0
-0
-0
-0
-0
-0
-0
-0
-0
-0
-0
0
0
0
0
0
0
0
0
0
0
-0
-0
-0
-0
-0
-0
-0
-0
-0
-0
0
0
0
0
0
0
0
0
0
0
-0
-0
-0
-0
-0
-0
-0
-0
-0
-0
0
0
0
0
0
0
0
0
0
0
-0
-0
-0
-0
-0
-0
-0
-0
-0
-0
0
0
0
0
0
0
0
0
0
0
-0
-0
-0
-0
-0
-0
-0
-0
-0
-0
0
0
0
0
0
0
0
0
0
0
-0
-0
-0
-0
-0
-0
-0
-0
-0
-0
0
0
0
0
0
0
0
0
0
0
-0
-0
-0
-0
-0
-0
-0
-0
-0
-0
0
0
0
0
0
0
0
0
0
0
-0
-0
-0
-0
-0
-0
-0
-0
-0
-0
0
0
0
0
0
0
0
0
0
0
-0
-0
-0
-0
-0
-0
-0
-0
-0
-0
0
0
0
0
0
0
0
0
0
0
-0
-0
-0
-0
-0
-0
-0
-0
-0
-0
0
0
0
0
0
0
0
0
0
0
-0
-0
-0
-0
-0
-0
-0
-0
-0
-0
0
0
0
0
0
0
0
0
0
0
-0
-0
-0
-0
-0
-0
-0
-0
-0
-0
0
0
0
0
0
0
0
0
0
0
-0
-0
-0
-0
-0
-0
-0
-0
-0
-0
0
0
0
0
0
0
0
0
0
0
-0
-0
-0
-0
-0
-0
-0
-0
-0
-0
0
0
0
0
0
0
0
0
0
0
-0
-0
-0
-0
-0
-0
-0
-0
-0
-0
0
0
0
0
0
0
0
0
0
0
-0
-0
-0
-0
-0
-0
-0
-0
-0
-0
5.95366e-11
0.618034
1.17557
1.61803
1.90211
2
1.90211
1.61803
1.17557
0.618034
-5.99698e-11
-0.618034
-1.17557
-1.61803
-1.90211
-2
-1.90211
-1.61803
-1.17557
-0.618034
6.0403e-11
0.618034
1.17557
1.61803
1.90211
2
1.90211
1.61803
1.17557
0.618034
-6.08362e-11
-0.618034
-1.17557
-1.61803
-1.90211
-2
-1.90211
-1.61803
-1.17557
-0.618034
6.12694e-11
0.618034
1.17557
1.61803
1.90211
2
1.90211
1.61803
1.17557
0.618034
-6.15889e-11
-0.618034
-1.17557
-1.61803
-1.90211
-2
-1.90211
-1.61803
-1.17557
-0.618034
6.20221e-11
0.618034
1.17557
1.61803
1.90211
2
1.90211
1.61803
1.17557
0.618034
-6.24552e-11
-0.618034
-1.17557
-1.61803
-1.90211
-2
-1.90211
-1.61803
-1.17557
-0.618034
6.28884e-11
0.618034
1.17557
1.61803
1.90211
2
1.90211
1.61803
1.17557
0.618034
-6.33216e-11
-0.618034
-1.17557
-1.61803
-1.90211
-2
-1.90211
-1.61803
-1.17557
-0.618034
6.37548e-11
0.618034
1.17557
1.61803
1.90211
2
1.90211
1.61803
1.17557
0.618034
-6.40743e-11
-0.618034
-1.17557
-1.61803
-1.90211
-2
-1.90211
-1.61803
-1.17557
-0.618034
6.45075e-11
0.618034
1.17557
1.61803
1.90211
2
1.90211
1.61803
1.17557
0.618034
-6.49407e-11
-0.618034
-1.17557
-1.61803
-1.90211
-2
-1.90211
-1.61803
-1.17557
-0.618034
6.53739e-11
0.618034
1.17557
1.61803
1.90211
2
1.90211
1.61803
1.17557
0.618034
-6.58071e-11
-0.618034
-1.17557
-1.61803
-1.90211
-2
-1.90211
-1.61803
-1.17557
-0.618034
0
0
0
0
0
0
0
0
0
0
-0
-0
-0
-0
-0
-0
-0
-0
-0
-0
0
0
0
0
0
0
0
0
0
0
-0
-0
-0
-0
-0
-0
-0
-0
-0
-0
0
0
0
0
0
0
0
0
0
0
-0
-0
-0
-0
-0
-0
-0
-0
-0
-0
0
0
0
0
0
0
0
0
0
0
-0
-0
-0
-0
-0
-0
-0
-0
-0
-0
6.9592e-11
0.618034
1.17557
1.61803
1.90211
2
1.90211
1.61803
1.17557
0.618034
-6.97979e-11
-0.618034
-1.17557
-1.61803
-1.90211
-2
-1.90211
-1.61803
-1.17557
-0.618034
7.0231e-11
0.618034
1.17557
1.61803
1.90211
2
1.90211
1.61803
1.17557
0.618034
-7.06642e-11
-0.618034
-1.17557
-1.61803
-1.90211
-2
-1.90211
-1.61803
-1.17557
-0.618034
0
0
0
0
0
0
0
0
0
0
-0
-0
-0
-0
-0
-0
-0
-0
-0
-0
0
0
0
0
0
0
0
0
0
0
-0
-0
-0
-0
-0
-0
-0
-0
-0
-0
7.28302e-11
0.618034
1.17557
1.61803
1.90211
2
1.90211
1.61803
1.17557
0.618034
-7.32633e-11
-0.618034
-1.17557
-1.61803
-1.90211
-2
-1.90211
-1.61803
-1.17557
-0.618034
7.36965e-11
0.618034
1.17557
1.61803
1.90211
2
1.90211
1.61803
1.17557
0.618034
-7.41297e-11
-0.618034
-1.17557
-1.61803
-1.90211
-2
-1.90211
-1.61803
-1.17557
-0.618034
0
0
0
0
0
0
0
0
0
0
-0
-0
-0
-0
-0
-0
-0
-0
-0
-0
0
0
0
0
0
0
0
0
0
0
-0
-0
-0
-0
-0
-0
-0
-0
-0
-0
7.60683e-11
0.618034
1.17557
1.61803
1.90211
2
1.90211
1.61803
1.17557
0.618034
-7.65015e-11
-0.618034
-1.17557
-1.61803
-1.90211
-2
-1.90211
-1.61803
-1.17557
-0.618034
7.69346e-11
0.618034
1.17557
1.61803
1.90211
2
1.90211
1.61803
1.17557
0.618034
-7.73678e-11
-0.618034
-1.17557
-1.61803
-1.90211
-2
-1.90211
-1.61803
-1.17557
-0.618034
0
0
0
0
0
0
0
0
0
0
-0
-0
-0
-0
-0
-0
-0
-0
-0
-0
0
0
0
0
0
0
0
0
0
0
-0
-0
-0
-0
-0
-0
-0
-0
-0
-0
7.95338e-11
0.618034
1.17557
1.61803
1.90211
2
1.90211
1.61803
1.17557
0.618034
-7.97396e-11
-0.618034
-1.17557
-1.61803
-1.90211
-2
-1.90211
-1.61803
-1.17557
-0.618034
8.01728e-11
0.618034
1.17557
1.61803
1.90211
2
1.90211
1.61803
1.17557
0.618034
-8.06059e-11
-0.618034
-1.17557
-1.61803
-1.90211
-2
-1.90211
-1.61803
-1.17557
-0.618034
8.10391e-11
0.618034
1.17557
1.61803
1.90211
2
1.90211
1.61803
1.17557
0.618034
-8.14723e-11
-0.618034
-1.17557
-1.61803
-1.90211
-2
-1.90211
-1.61803
-1.17557
-0.618034
8.19055e-11
0.618034
1.17557
1.61803
1.90211
2
1.90211
1.61803
1.17557
0.618034
-8.23387e-11
-0.618034
-1.17557
-1.61803
-1.90211
-2
-1.90211
-1.61803
-1.17557
-0.618034
8.27719e-11
0.618034
1.17557
1.61803
1.90211
2
1.90211
1.61803
1.17557
0.618034
-8.32051e-11
-0.618034
-1.17557
-1.61803
-1.90211
-2
-1.90211
-1.61803
-1.17557
-0.618034
8.36382e-11
0.618034
1.17557
1.61803
1.90211
2
1.90211
1.61803
1.17557
0.618034
-8.40714e-11
-0.618034
-1.17557
-1.61803
-1.90211
-2
-1.90211
-1.61803
-1.17557
-0.618034
8.42772e-11
0.618034
1.17557
1.61803
1.90211
2
1.90211
1.61803
1.17557
0.618034
-8.47104e-11
-0.618034
-1.17557
-1.61803
-1.90211
-2
-1.90211
-1.61803
-1.17557
-0.618034
8.51436e-11
0.618034
1.17557
1.61803
1.90211
2
1.90211
1.61803
1.17557
0.618034
-8.55768e-11
-0.618034
-1.17557
-1.61803
-1.90211
-2
-1.90211
-1.61803
-1.17557
-0.618034
0
0
0
0
0
0
0
0
0
0
-0
-0
-0
-0
-0
-0
-0
-0
-0
-0
0
0
0
0
0
0
0
0
0
0
-0
-0
-0
-0
-0
-0
-0
-0
-0
-0
0
0
0
0
0
0
0
0
0
0
-0
-0
-0
-0
-0
-0
-0
-0
-0
-0
0
0
0
0
0
0
0
0
0
0
-0
-0
-0
-0
-0
-0
-0
-0
-0
-0
0
0
0
0
0
0
0
0
0
0
-0
-0
-0
-0
-0
-0
-0
-0
-0
-0
0
0
0
0
0
0
0
0
0
0
-0
-0
-0
-0
-0
-0
-0
-0
-0
-0
0
0
0
0
0
0
0
0
0
0
-0
-0
-0
-0
-0
-0
-0
-0
-0
-0
0
0
0
0
0
0
0
0
0
0
-0
-0
-0
-0
-0
-0
-0
-0
-0
-0
9.27136e-11
0.618034
1.17557
1.61803
1.90211
2
1.90211
1.61803
1.17557
0.618034
-9.31468e-11
-0.618034
-1.17557
-1.61803
-1.90211
-2
-1.90211
-1.61803
-1.17557
-0.618034
9.358e-11
0.618034
1.17557
1.61803
1.90211
2
1.90211
1.61803
1.17557
0.618034
-9.37858e-11
-0.618034
-1.17557
-1.61803
-1.90211
-2
-1.90211
-1.61803
-1.17557
-0.618034
0
0
0
0
0
0
0
0
0
0
-0
-0
-0
-0
-0
-0
-0
-0
-0
-0
0
0
0
0
0
0
0
0
0
0
-0
-0
-0
-0
-0
-0
-0
-0
-0
-0
0
0
0
0
0
0
0
0
0
0
-0
-0
-0
-0
-0
-0
-0
-0
-0
-0
0
0
0
0
0
0
0
0
0
0
-0
-0
-0
-0
-0
-0
-0
-0
-0
-0
0
0
0
0
0
0
0
0
0
0
-0
-0
-0
-0
-0
-0
-0
-0
-0
-0
0
0
0
0
0
0
0
0
0
0
-0
-0
-0
-0
-0
-0
-0
-0
-0
-0
0
0
0
0
0
0
0
0
0
0
-0
-0
-0
-0
-0
-0
-0
-0
-0
-0
0
0
0
0
0
0
0
0
0
0
-0
-0
-0
-0
-0
-0
-0
-0
-0
-0
1.00923e-10
0.618034
1.17557
1.61803
1.90211
2
1.90211
1.61803
1.17557
0.618034
-1.01356e-10
-0.618034
-1.17557
-1.61803
-1.90211
-2
-1.90211
-1.61803
-1.17557
-0.618034
1.01789e-10
0.618034
1.17557
1.61803
1.90211
2
1.90211
1.61803
1.17557
0.618034
-1.02222e-10
-0.618034
-1.17557
-1.61803
-1.90211
-2
-1.90211
-1.61803
-1.17557
-0.618034
1.02655e-10
0.618034
1.17557
1.61803
1.90211
2
1.90211
1.61803
1.17557
0.618034
-1.03089e-10
-0.618034
-1.17557
-1.61803
-1.90211
-2
-1.90211
-1.61803
-1.17557
-0.618034
1.03522e-10
0.618034
1.17557
1.61803
1.90211
2
1.90211
1.61803
1.17557
0.618034
-1.03728e-10
-0.618034
-1.17557
-1.61803
-1.90211
-2
-1.90211
-1.61803
-1.17557
-0.618034
0
0
0
0
0
0
0
0
0
0
-0
-0
-0
-0
-0
-0
-0
-0
-0
-0
0
0
0
0
0
0
0
0
0
0
-0
-0
-0
-0
-0
-0
-0
-0
-0
-0
1.05893e-10
0.618034
1.17557
1.61803
1.90211
2
1.90211
1.61803
1.17557
0.618034
-1.06327e-10
-0.618034
-1.17557
-1.61803
-1.90211
-2
-1.90211
-1.61803
-1.17557
-0.618034
1.0676e-10
0.618034
1.17557
1.61803
1.90211
2
1.90211
1.61803
1.17557
0.618034
-1.07193e-10
-0.618034
-1.17557
-1.61803
-1.90211
-2
-1.90211
-1.61803
-1.17557
-0.618034
0
0
0
0
0
0
0
0
0
0
-0
-0
-0
-0
-0
-0
-0
-0
-0
-0
0
0
0
0
0
0
0
0
0
0
-0
-0
-0
-0
-0
-0
-0
-0
-0
-0
1.09132e-10
0.618034
1.17557
1.61803
1.90211
2
1.90211
1.61803
1.17557
0.618034
-1.09565e-10
-0.618034
-1.17557
-1.61803
-1.90211
-2
-1.90211
-1.61803
-1.17557
-0.618034
1.09998e-10
0.618034
1.17557
1.61803
1.90211
2
1.90211
1.61803
1.17557
0.618034
-1.10431e-10
-0.618034
-1.17557
-1.61803
-1.90211
-2
-1.90211
-1.61803
-1.17557
-0.618034
0
0
0
0
0
0
0
0
0
0
-0
-0
-0
-0
-0
-0
-0
-0
-0
-0
0
0
0
0
0
0
0
0
0
0
-0
-0
-0
-0
-0
-0
-0
-0
-0
-0
1.12597e-10
0.618034
1.17557
1.61803
1.90211
2
1.90211
1.61803
1.17557
0.618034
-1.1303e-10
-0.618034
-1.17557
-1.61803
-1.90211
-2
-1.90211
-1.61803
-1.17557
-0.618034
1.13236e-10
0.618034
1.17557
1.61803
1.90211
2
1.90211
1.61803
1.17557
0.618034
-1.13669e-10
-0.618034
-1.17557
-1.61803
-1.90211
-2
-1.90211
-1.61803
-1.17557
-0.618034
0
0
0
0
0
0
0
0
0
0
-0
-0
-0
-0
-0
-0
-0
-0
-0
-0
0
0
0
0
0
0
0
0
0
0
-0
-0
-0
-0
-0
-0
-0
-0
-0
-0
0
0
0
0
0
0
0
0
0
0
-0
-0
-0
-0
-0
-0
-0
-0
-0
-0
0
0
0
0
0
0
0
0
0
0
-0
-0
-0
-0
-0
-0
-0
-0
-0
-0
0
0
0
0
0
0
0
0
0
0
-0
-0
-0
-0
-0
-0
-0
-0
-0
-0
0
0
0
0
0
0
0
0
0
0
-0
-0
-0
-0
-0
-0
-0
-0
-0
-0
1.19073e-10
0.618034
1.17557
1.61803
1.90211
2
1.90211
1.61803
1.17557
0.618034
-1.19506e-10
-0.618034
-1.17557
-1.61803
-1.90211
-2
-1.90211
-1.61803
-1.17557
-0.618034
1.1994e-10
0.618034
1.17557
1.61803
1.90211
2
1.90211
1.61803
1.17557
0.618034
-1.20373e-10
-0.618034
-1.17557
-1.61803
-1.90211
-2
-1.90211
-1.61803
-1.17557
-0.618034
0
0
0
0
0
0
0
0
0
0
-0
-0
-0
-0
-0
-0
-0
-0
-0
-0
0
0
0
0
0
0
0
0
0
0
-0
-0
-0
-0
-0
-0
-0
-0
-0
-0
1.22539e-10
0.618034
1.17557
1.61803
1.90211
2
1.90211
1.61803
1.17557
0.618034
-1.22745e-10
-0.618034
-1.17557
-1.61803
-1.90211
-2
-1.90211
-1.61803
-1.17557
-0.618034
1.23178e-10
0.618034
1.17557
1.61803
1.90211
2
1.90211
1.61803
1.17557
0.618034
-1.23611e-10
-0.618034
-1.17557
-1.61803
-1.90211
-2
-1.90211
-1.61803
-1.17557
-0.618034
1.24044e-10
0.618034
1.17557
1.61803
1.90211
2
1.90211
1.61803
1.17557
0.618034
-1.24477e-10
-0.618034
-1.17557
-1.61803
-1.90211
-2
-1.90211
-1.61803
-1.17557
-0.618034
1.2491e-10
0.618034
1.17557
1.61803
1.90211
2
1.90211
1.61803
1.17557
0.618034
-1.25344e-10
-0.618034
-1.17557
-1.61803
-1.90211
-2
-1.90211
-1.61803
-1.17557
-0.618034
0
0
0
0
0
0
0
0
0
0
-0
-0
-0
-0
-0
-0
-0
-0
-0
-0
0
0
0
0
0
0
0
0
0
0
-0
-0
-0
-0
-0
-0
-0
-0
-0
-0
0
0
0
0
0
0
0
0
0
0
-0
-0
-0
-0
-0
-0
-0
-0
-0
-0
0
0
0
0
0
0
0
0
0
0
-0
-0
-0
-0
-0
-0
-0
-0
-0
-0
0
0
0
0
0
0
0
0
0
0
-0
-0
-0
-0
-0
-0
-0
-0
-0
-0
0
0
0
0
0
0
0
0
0
0
-0
-0
-0
-0
-0
-0
-0
-0
-0
-0
0
0
0
0
0
0
0
0
0
0
-0
-0
-0
-0
-0
-0
-0
-0
-0
-0
0
0
0
0
0
0
0
0
0
0
-0
-0
-0
-0
-0
-0
-0
-0
-0
-0
1.32253e-10
0.618034
1.17557
1.61803
1.90211
2
1.90211
1.61803
1.17557
0.618034
-1.32686e-10
-0.618034
-1.17557
-1.61803
-1.90211
-2
-1.90211
-1.61803
-1.17557
-0.618034
1.33119e-10
0.618034
1.17557
1.61803
1.90211
2
1.90211
1.61803
1.17557
0.618034
-1.33553e-10
-0.618034
-1.17557
-1.61803
-1.90211
-2
-1.90211
-1.61803
-1.17557
-0.618034
1.33986e-10
0.618034
1.17557
1.61803
1.90211
2
1.90211
1.61803
1.17557
0.618034
-1.34419e-10
-0.618034
-1.17557
-1.61803
-1.90211
-2
-1.90211
-1.61803
-1.17557
-0.618034
1.34852e-10
0.618034
1.17557
1.61803
1.90211
2
1.90211
1.61803
1.17557
0.618034
-1.35058e-10
-0.618034
-1.17557
-1.61803
-1.90211
-2
-1.90211
-1.61803
-1.17557
-0.618034
1.35719e-10
0.618034
1.17557
1.61803
1.90211
2
1.90211
1.61803
1.17557
0.618034
-1.35924e-10
-0.618034
-1.17557
-1.61803
-1.90211
-2
-1.90211
-1.61803
-1.17557
-0.618034
1.36585e-10
0.618034
1.17557
1.61803
1.90211
2
1.90211
1.61803
1.17557
0.618034
-1.36791e-10
-0.618034
-1.17557
-1.61803
-1.90211
-2
-1.90211
-1.61803
-1.17557
-0.618034
1.37451e-10
0.618034
1.17557
1.61803
1.90211
2
1.90211
1.61803
1.17557
0.618034
-1.37657e-10
-0.618034
-1.17557
-1.61803
-1.90211
-2
-1.90211
-1.61803
-1.17557
-0.618034
1.38318e-10
0.618034
1.17557
1.61803
1.90211
2
1.90211
1.61803
1.17557
0.618034
-1.38524e-10
-0.618034
-1.17557
-1.61803
-1.90211
-2
-1.90211
-1.61803
-1.17557
-0.618034
1.39184e-10
0.618034
1.17557
1.61803
1.90211
2
1.90211
1.61803
1.17557
0.618034
-1.3939e-10
-0.618034
-1.17557
-1.61803
-1.90211
-2
-1.90211
-1.61803
-1.17557
-0.618034
1.39596e-10
0.618034
1.17557
1.61803
1.90211
2
1.90211
1.61803
1.17557
0.618034
-1.40256e-10
-0.618034
-1.17557
-1.61803
-1.90211
-2
-1.90211
-1.61803
-1.17557
-0.618034
0
0
0
0
0
0
0
0
0
0
-0
-0
-0
-0
-0
-0
-0
-0
-0
-0
0
0
0
0
0
0
0
0
0
0
-0
-0
-0
-0
-0
-0
-0
-0
-0
-0
1.42195e-10
0.618034
1.17557
1.61803
1.90211
2
1.90211
1.61803
1.17557
0.618034
-1.42855e-10
-0.618034
-1.17557
-1.61803
-1.90211
-2
-1.90211
-1.61803
-1.17557
-0.618034
1.43061e-10
0.618034
1.17557
1.61803
1.90211
2
1.90211
1.61803
1.17557
0.618034
-1.43722e-10
-0.618034
-1.17557
-1.61803
-1.90211
-2
-1.90211
-1.61803
-1.17557
-0.618034
0
0
0
0
0
0
0
0
0
0
-0
-0
-0
-0
-0
-0
-0
-0
-0
-0
0
0
0
0
0
0
0
0
0
0
-0
-0
-0
-0
-0
-0
-0
-0
-0
-0
1.4566e-10
0.618034
1.17557
1.61803
1.90211
2
1.90211
1.61803
1.17557
0.618034
-1.45866e-10
-0.618034
-1.17557
-1.61803
-1.90211
-2
-1.90211
-1.61803
-1.17557
-0.618034
1.46527e-10
0.618034
1.17557
1.61803
1.90211
2
1.90211
1.61803
1.17557
0.618034
-1.46732e-10
-0.618034
-1.17557
-1.61803
-1.90211
-2
-1.90211
-1.61803
-1.17557
-0.618034
0
0
0
0
0
0
0
0
0
0
-0
-0
-0
-0
-0
-0
-0
-0
-0
-0
0
0
0
0
0
0
0
0
0
0
-0
-0
-0
-0
-0
-0
-0
-0
-0
-0
1.49126e-10
0.618034
1.17557
1.61803
1.90211
2
1.90211
1.61803
1.17557
0.618034
-1.49332e-10
-0.618034
-1.17557
-1.61803
-1.90211
-2
-1.90211
-1.61803
-1.17557
-0.618034
1.49537e-10
0.618034
1.17557
1.61803
1.90211
2
1.90211
1.61803
1.17557
0.618034
-1.50198e-10
-0.618034
-1.17557
-1.61803
-1.90211
-2
-1.90211
-1.61803
-1.17557
-0.618034
1.50404e-10
0.618034
1.17557
1.61803
1.90211
2
1.90211
1.61803
1.17557
0.618034
-1.51064e-10
-0.618034
-1.17557
-1.61803
-1.90211
-2
-1.90211
-1.61803
-1.17557
-0.618034
1.5127e-10
0.618034
1.17557
1.61803
1.90211
2
1.90211
1.61803
1.17557
0.618034
-1.51931e-10
-0.618034
-1.17557
-1.61803
-1.90211
-2
-1.90211
-1.61803
-1.17557
-0.618034
0
0
0
0
0
0
0
0
0
0
-0
-0
-0
-0
-0
-0
-0
-0
-0
-0
0
0
0
0
0
0
0
0
0
0
-0
-0
-0
-0
-0
-0
-0
-0
-0
-0
0
0
0
0
0
0
0
0
0
0
-0
-0
-0
-0
-0
-0
-0
-0
-0
-0
0
0
0
0
0
0
0
0
0
0
-0
-0
-0
-0
-0
-0
-0
-0
-0
-0
1.55602e-10
0.618034
1.17557
1.61803
1.90211
2
1.90211
1.61803
1.17557
0.618034
-1.55808e-10
-0.618034
-1.17557
-1.61803
-1.90211
-2
-1.90211
-1.61803
-1.17557
-0.618034
1.56468e-10
0.618034
1.17557
1.61803
1.90211
2
1.90211
1.61803
1.17557
0.618034
-1.56674e-10
-0.618034
-1.17557
-1.61803
-1.90211
-2
-1.90211
-1.61803
-1.17557
-0.618034
1.57335e-10
0.618034
1.17557
1.61803
1.90211
2
1.90211
1.61803
1.17557
0.618034
-1.57541e-10
-0.618034
-1.17557
-1.61803
-1.90211
-2
-1.90211
-1.61803
-1.17557
-0.618034
1.58201e-10
0.618034
1.17557
1.61803
1.90211
2
1.90211
1.61803
1.17557
0.618034
-1.58407e-10
-0.618034
-1.17557
-1.61803
-1.90211
-2
-1.90211
-1.61803
-1.17557
-0.618034
0
0
0
0
0
0
0
0
0
0
-0
-0
-0
-0
-0
-0
-0
-0
-0
-0
0
0
0
0
0
0
0
0
0
0
-0
-0
-0
-0
-0
-0
-0
-0
-0
-0
0
0
0
0
0
0
0
0
0
0
-0
-0
-0
-0
-0
-0
-0
-0
-0
-0
0
0
0
0
0
0
0
0
0
0
-0
-0
-0
-0
-0
-0
-0
-0
-0
-0
1.62078e-10
0.618034
1.17557
1.61803
1.90211
2
1.90211
1.61803
1.17557
0.618034
-1.62739e-10
-0.618034
-1.17557
-1.61803
-1.90211
-2
-1.90211
-1.61803
-1.17557
-0.618034
1.62945e-10
0.618034
1.17557
1.61803
1.90211
2
1.90211
1.61803
1.17557
0.618034
-1.63605e-10
-0.618034
-1.17557
-1.61803
-1.90211
-2
-1.90211
-1.61803
-1.17557
-0.618034
1.63811e-10
0.618034
1.17557
1.61803
1.90211
2
1.90211
1.61803
1.17557
0.618034
-1.64017e-10
-0.618034
-1.17557
-1.61803
-1.90211
-2
-1.90211
-1.61803
-1.17557
-0.618034
1.64677e-10
0.618034
1.17557
1.61803
1.90211
2
1.90211
1.61803
1.17557
0.618034
-1.64883e-10
-0.618034
-1.17557
-1.61803
-1.90211
-2
-1.90211
-1.61803
-1.17557
-0.618034
1.65544e-10
0.618034
1.17557
1.61803
1.90211
2
1.90211
1.61803
1.17557
0.618034
-1.6575e-10
-0.618034
-1.17557
-1.61803
-1.90211
-2
-1.90211
-1.61803
-1.17557
-0.618034
1.6641e-10
0.618034
1.17557
1.61803
1.90211
2
1.90211
1.61803
1.17557
0.618034
-1.66616e-10
-0.618034
-1.17557
-1.61803
-1.90211
-2
-1.90211
-1.61803
-1.17557
-0.618034
0
0
0
0
0
0
0
0
0
0
-0
-0
-0
-0
-0
-0
-0
-0
-0
-0
0
0
0
0
0
0
0
0
0
0
-0
-0
-0
-0
-0
-0
-0
-0
-0
-0
0
0
0
0
0
0
0
0
0
0
-0
-0
-0
-0
-0
-0
-0
-0
-0
-0
0
0
0
0
0
0
0
0
0
0
-0
-0
-0
-0
-0
-0
-0
-0
-0
-0
0
0
0
0
0
0
0
0
0
0
-0
-0
-0
-0
-0
-0
-0
-0
-0
-0
0
0
0
0
0
0
0
0
0
0
-0
-0
-0
-0
-0
-0
-0
-0
-0
-0
0
0
0
0
0
0
0
0
0
0
-0
-0
-0
-0
-0
-0
-0
-0
-0
-0
0
0
0
0
0
0
0
0
0
0
-0
-0
-0
-0
-0
-0
-0
-0
-0
-0
0
0
0
0
0
0
0
0
0
0
-0
-0
-0
-0
-0
-0
-0
-0
-0
-0
0
0
0
0
0
0
0
0
0
0
-0
-0
-0
-0
-0
-0
-0
-0
-0
-0
1.75485e-10
0.618034
1.17557
1.61803
1.90211
2
1.90211
1.61803
1.17557
0.618034
-1.75691e-10
-0.618034
-1.17557
-1.61803
-1.90211
-2
-1.90211
-1.61803
-1.17557
-0.618034
1.76352e-10
0.618034
1.17557
1.61803
1.90211
2
1.90211
1.61803
1.17557
0.618034
-1.76558e-10
-0.618034
-1.17557
-1.61803
-1.90211
-2
-1.90211
-1.61803
-1.17557
-0.618034
0
0
0
0
0
0
0
0
0
0
-0
-0
-0
-0
-0
-0
-0
-0
-0
-0
0
0
0
0
0
0
0
0
0
0
-0
-0
-0
-0
-0
-0
-0
-0
-0
-0
1.78496e-10
0.618034
1.17557
1.61803
1.90211
2
1.90211
1.61803
1.17557
0.618034
-1.79157e-10
-0.618034
-1.17557
-1.61803
-1.90211
-2
-1.90211
-1.61803
-1.17557
-0.618034
1.79363e-10
0.618034
1.17557
1.61803
1.90211
2
1.90211
1.61803
1.17557
0.618034
-1.80023e-10
-0.618034
-1.17557
-1.61803
-1.90211
-2
-1.90211
-1.61803
-1.17557
-0.618034
0
0
0
0
0
0
0
0
0
0
-0
-0
-0
-0
-0
-0
-0
-0
-0
-0
0
0
0
0
0
0
0
0
0
0
-0
-0
-0
-0
-0
-0
-0
-0
-0
-0
1.81962e-10
0.618034
1.17557
1.61803
1.90211
2
1.90211
1.61803
1.17557
0.618034
-1.82622e-10
-0.618034
-1.17557
-1.61803
-1.90211
-2
-1.90211
-1.61803
-1.17557
-0.618034
1.82828e-10
0.618034
1.17557
1.61803
1.90211
2
1.90211
1.61803
1.17557
0.618034
-1.83034e-10
-0.618034
-1.17557
-1.61803
-1.90211
-2
-1.90211
-1.61803
-1.17557
-0.618034
0
0
0
0
0
0
0
0
0
0
-0
-0
-0
-0
-0
-0
-0
-0
-0
-0
0
0
0
0
0
0
0
0
0
0
-0
-0
-0
-0
-0
-0
-0
-0
-0
-0
