0.470404
-0.0354808
0.280608
-0.174764
-0.702491
0.350646
-0.885562
0.160202
-0.183226
0.156105
0.0469465
0.0370831
0.894039
0.498697
-0.0627532
-0.0166865
0.200157
0.55647
-0.372853
0.410229
0.427143
-0.674695
0.160209
-0.165654
0.223896
-0.481757
-0.650898
0.0125187
-0.714402
-0.410916
-0.52186
0.305303
0.645092
0.354768
0.712196
0.616577
-0.0349652
0.654209
-0.000439664
0.76781
-0.484824
-0.175748
0.138555
-0.820387
-0.771755
-0.261651
-0.0745385
-0.736154
-0.481294
0.641868
-0.577573
0.590187
-0.337145
0.00739525
0.166463
0.926456
0.289746
-0.400314
-0.143637
0.760806
0.415377
0.278198
0.437814
0.427278
-0.833923
-0.965597
-0.245753
0.488805
0.123677
-0.250917
0.0522569
-0.307588
-0.159248
-0.360486
0.412023
0.844649
-0.172577
0.839432
0.390469
0.464615
0.189549
0.387702
0.0465393
-0.410801
-0.683905
-0.625229
0.26734
-0.868593
-0.202499
-0.0204651
-0.0679134
0.357949
-0.126241
-0.380904
-0.263357
0.58357
-0.0371169
0.902378
0.214493
-0.308687
-0.299235
0.415078
-0.62614
0.10014
0.139159
-0.666339
-0.878695
0.332973
0.0339043
-0.648006
-0.243843
0.501787
0.773182
-0.10751
0.610475
0.0552783
0.744059
-0.456897
-0.379995
-0.350026
0.321072
0.152492
-0.210154
-0.0806838
0.347291
-0.252037
0.891605
0.118455
0.25574
-0.0888097
-0.227316
0.218548
-0.734224
-0.0621471
-0.675344
0.46491
0.313394
-0.946692
-0.17668
0.610829
0.161806
0.0502675
0.398297
0.00437379
0.914952
-0.084577
-0.238225
0.940146
0.844598
-0.0680717
0.504143
-0.32247
0.326296
0.251349
0.476643
-0.499657
-0.572433
0.46587
-0.430296
-0.826865
-0.188999
-0.630514
0.810447
0.145236
0.898518
0.131913
0.453269
-0.185518
-0.0404507
0.117105
0.622436
-0.493089
-0.332833
0.096203
0.275855
-0.70841
0.415573
-0.369508
-0.451309
-0.25783
-0.188084
-0.433481
0.150632
0.740228
0.539426
0.614654
0.240992
-0.112683
-0.497418
0.49547
0.0892922
0.428811
0.0504764
-0.348908
-0.957481
0.0595358
-0.179327
-0.450446
0.105961
-0.526188
-0.13324
0.272388
-0.438592
0.503916
-0.483464
0.607695
-0.200411
0.163456
0.121882
-0.61646
-0.579862
0.250044
0.245541
-0.212532
0.374143
0.127106
0.0787301
-0.0492832
-0.296301
0.295548
0.00107578
-0.261489
-0.445322
0.851929
0.480783
0.717199
0.885791
0.398258
0.225755
0.283009
0.181766
-0.692549
-0.118495
0.449664
-0.307829
-0.284678
-0.181524
0.322352
-0.497546
0.598744
0.171786
-0.0505841
-0.138555
-0.212253
0.579849
0.772867
0.940863
0.226357
0.284215
-0.0877109
0.582288
-0.36564
-0.865244
-0.470085
-0.195212
0.194813
-0.705696
-0.446509
0.128759
-0.127268
0.054317
0.698775
0.890652
0.465782
0.459587
0.762612
0.974282
0.449256
0.653149
0.172177
0.26394
0.52069
0.235882
-0.214042
-0.657673
-0.784907
0.184938
0.475163
0.239087
-0.549626
-0.00716449
0.521972
0.361042
-0.0552803
0.499258
-0.862411
-0.139179
-0.2503
-0.388546
0.435678
0.656908
0.0431716
0.823677
-0.499014
0.152409
-0.115478
-0.281852
0.253779
0.0331165
-0.0575425
0.347716
0.209117
-0.519474
-0.766414
0.118695
-0.965917
0.264868
0.181673
-0.391109
0.386741
0.00386831
-0.189386
0.868449
0.50799
0.659871
-0.0792666
0.503444
-0.491598
-0.438088
0.105706
0.225119
0.78159
-0.583666
0.887317
-0.265189
-0.290949
0.642795
0.444083
0.594186
0.79221
-0.584394
0.508284
0.512434
-0.463859
0.458743
0.445683
0.212771
-0.140658
0.305237
-0.270648
0.3224
0.392421
0.281056
-0.514121
-0.491521
-0.263345
0.841111
-0.47585
-0.227138
0.665631
-0.434559
-0.748903
-0.802435
-0.73478
0.338023
-0.654573
-0.31172
0.0436485
0.51248
-0.451064
0.374588
0.697997
-0.507444
-0.0774335
-0.383345
0.762566
0.899479
-0.117948
0.279088
-0.128592
-0.116851
-0.332404
-0.684508
-0.617082
-0.149113
0.36795
0.46007
-0.356187
-0.832329
0.109136
0.435383
0.333686
-0.495129
0.505152
0.876544
0.361999
-0.239827
0.434561
0.880443
-0.198222
-0.643129
0.548387
-0.0228161
0.356686
0.443773
0.378845
0.0659578
0.389693
-0.198654
-0.0894086
-0.522134
0.204406
0.38145
-0.540719
0.613542
-0.199574
-0.348507
-0.325511
0.315849
-0.163018
0.303676
0.319537
-0.476076
0.0523924
-0.902958
-0.0501969
0.501043
-0.583206
-0.6065
0.100209
0.548595
-0.54065
0.0579745
-0.423295
-0.0953022
-0.258813
-0.349514
0.919499
-0.2628
-0.0410162
0.715872
-0.0611171
0.526717
-0.824416
-0.80847
0.198613
-0.11661
0.206714
-0.756885
-0.197402
-0.540171
0.352685
-0.551071
-0.165146
0.406575
0.199116
0.510585
0.266231
0.0322466
0.719238
0.545344
-0.0175811
-0.786916
-0.574462
-0.268184
0.0545459
-0.65424
0.349179
-0.133419
0.361196
-0.745353
0.286305
-0.494809
0.66016
0.752482
0.285456
-0.386915
-0.326106
0.263935
-0.142005
0.0326635
0.593433
-0.691238
0.410523
0.288261
0.370422
-0.112947
0.425538
0.0361016
0.159813
0.428333
-0.571601
0.28981
0.352429
-0.22181
-0.45754
0.176972
-0.558256
-0.583336
0.467724
0.442112
0.369623
-0.18081
-0.475026
0.241632
0.0531725
-0.356564
-0.036919
0.111399
0.102685
0.141023
0.130469
-0.0561433
-0.230843
-0.0865785
-0.586912
-0.0616746
-0.0687852
0.44697
-0.576819
0.310955
0.43495
-0.525984
-0.0904806
-0.163422
-0.365112
0.961418
-0.1689
-0.490002
0.495516
-0.0934582
0.372045
-0.50574
-0.876513
-0.660054
-0.356414
-0.722497
0.136901
-0.286184
0.309786
0.573041
-0.066973
-0.0227799
0.355775
0.286084
-0.0441082
0.887714
0.692206
0.0842517
-0.430826
-0.509499
0.121633
0.489498
-0.841171
-0.0872652
-0.334531
-0.83754
0.117628
-0.597116
-0.765521
-0.33444
0.526645
0.167661
-0.384154
0.775875
-0.117675
0.803068
0.71656
-0.363468
0.726792
0.503273
0.341465
-0.0852131
-0.446646
-0.0565015
-0.246132
0.385634
-0.607606
0.518385
-0.248857
-0.521127
0.140178
0.735552
-0.521125
0.111437
0.229788
-0.185762
0.173253
0.840798
-0.247022
0.420825
-0.639583
-0.239397
-0.345886
-0.313597
-0.990776
-0.693656
0.150268
-0.558661
0.122
0.258263
0.192274
0.712891
-0.265265
0.0134691
0.814663
0.787549
0.76852
-0.0846276
0.232468
0.519937
0.162976
-0.398489
0.462623
0.258846
-0.0408121
0.209083
-0.0549102
-0.460474
-0.536301
-0.683231
-0.261492
-0.525014
-0.67719
0.170975
-0.694767
0.00644477
-0.223061
-0.091668
0.596455
-0.540309
-0.0377659
-0.466151
0.615617
0.128695
0.326978
0.782193
0.371706
0.297995
0.147228
0.170459
-0.375483
-0.501208
0.138503
-0.235315
-0.204976
-0.457069
0.191698
-0.0345356
-0.100945
0.495765
0.423551
-0.262159
0.35225
-0.464053
-0.235786
0.460869
-0.0391164
0.864512
-0.184442
0.451726
-0.247209
-0.295156
-0.772548
0.438188
-0.73107
0.192171
-0.629809
-0.465272
-0.573798
-0.440373
0.243593
0.39761
0.547956
-0.177979
-0.405626
0.982706
-0.373075
0.366297
0.727295
-0.285822
-0.274128
-0.254916
0.00455314
-0.915639
-0.114745
-0.283841
-0.434927
-0.00770895
-0.100991
0.19019
-0.549348
0.245028
0.305097
0.533887
0.863693
0.89751
0.905491
0.390652
-0.211498
-0.0142602
-0.530125
0.562699
-0.27383
-0.0731194
0.244987
-0.751612
-0.182821
-0.85824
-0.123423
0.04832
0.295781
0.0754164
0.845429
-0.0651337
0.746223
0.538739
-0.522407
0.599634
-0.354329
-0.320157
0.437418
-0.529363
-0.809034
-0.894398
-0.930072
-0.054121
-0.563566
0.460337
0.457057
-0.497414
0.434767
0.886165
0.0299186
-0.3681
0.601286
0.54025
-0.443255
0.758579
0.537632
0.225165
0.1567
-0.808707
-0.939917
0.403625
-0.0371041
-0.601777
-0.787793
-0.844964
0.0437629
-0.482535
0.200744
0.249194
-0.320612
0.802427
0.228232
-0.2412
0.0586221
0.41171
0.706191
0.52186
-0.699874
0.339389
-0.655079
0.471241
-0.330915
0.0283273
-0.350556
-0.358423
-0.151027
0.330045
-0.14352
-0.0171853
0.211109
-0.718514
-0.383469
0.235524
-0.176183
-0.103937
-0.743547
0.084577
-0.653084
0.377742
0.262522
0.135699
0.514077
0.94329
-0.31695
0.0957423
-0.288956
-0.350783
0.552736
0.494214
-0.307798
-0.153965
-0.761834
-0.591385
-0.759867
0.190469
0.191309
-0.518426
0.0860667
-0.232677
0.580184
-0.199862
0.93726
0.618578
0.239908
-0.0739153
-0.529755
0.361861
-0.779575
-0.254825
-0.83641
-0.703498
-0.32153
-0.944938
-0.629809
-0.323265
0.348103
-0.571347
-0.301912
0.45314
0.311781
0.174886
-0.205617
0.531277
0.762568
-0.0657665
-0.357304
-0.520395
-0.714981
0.327852
-0.50442
-0.166784
0.153108
-0.170354
-0.404713
-0.0754164
-0.372965
0.64821
-0.00164614
0.792638
-0.275657
0.19036
0.350783
0.466957
0.902012
0.394406
-0.526321
-0.187809
0.585243
0.894268
-0.464725
-0.198168
0.207174
0.854112
-0.214863
0.870234
-0.107625
-0.148347
-0.0742557
0.276671
-0.386721
-0.642154
-0.364196
-0.858507
-0.410893
-0.47342
-0.543858
-0.40027
0.794316
-0.449121
-0.283348
0.294599
0.144502
-0.284004
-0.085216
0.622981
-0.655464
0.456304
-0.550359
0.0264422
-0.105592
-0.0622697
-0.417254
0.37309
-0.218025
0.47256
0.485349
0.0901621
-0.101082
-0.602975
0.314341
-0.478311
-0.0173274
-0.331772
-0.940375
0.20553
-0.580527
0.393861
0.307821
-0.0200332
-0.449755
0.342301
0.124084
0.105119
0.176595
0.31269
-0.436457
-0.205388
0.369482
-0.798498
0.349362
-0.718926
0.481482
-0.769375
0.527031
0.346667
0.346775
-0.37825
-0.589863
0.867762
0.641162
-0.209109
-0.335355
0.174658
-0.157959
0.34913
0.389812
0.406816
0.222351
0.87266
-0.526161
0.236002
0.0415904
-0.22005
0.700263
0.60531
0.570227
0.196095
-0.823432
0.417396
0.272727
-0.650257
-0.894914
-0.16802
0.421784
-0.281102
0.101353
0.619049
0.508929
0.679747
-0.257437
-0.211215
0.52044
0.290067
-0.245077
0.411756
0.56249
-0.485236
0.243406
0.421196
0.331874
-0.0868532
-0.163683
0.443956
0.461612
0.596805
0.103688
-0.179569
0.276275
0.0878321
0.191881
0.286018
0.261239
-0.666555
-0.583251
0.00954971
0.58089
0.591764
-0.53891
-0.599964
-0.213535
0.734125
-0.122024
0.364
-0.0877339
0.846108
-0.59
-0.088514
-0.438521
-0.0381063
0.163956
-0.766353
0.383423
0.397994
-0.0513433
-0.817954
-0.574576
-0.529825
0.0918349
-0.299469
-0.166657
0.66921
0.0825627
0.508708
0.838608
-0.421333
-0.101033
0.218893
-0.0335084
0.501346
-0.202823
0.759074
-0.369461
0.128558
0.538342
0.747958
0.245928
0.635529
0.126806
-0.742236
0.190188
-0.253993
-0.923938
-0.876406
-0.117815
0.483776
-0.0884014
0.745445
0.345268
0.8641
0.589798
0.604982
-0.177326
0.658131
0.744211
0.410199
-0.0695824
-0.464269
0.661232
-0.340844
-0.157414
0.108853
0.358565
-0.82962
0.0392537
-0.818137
0.124243
-0.260689
-0.348107
-0.159146
0.46033
0.393874
0.20992
0.135542
-0.328307
-0.0550905
-0.376627
-0.42934
0.247484
0.742144
0.0437439
0.952125
-0.264855
0.817763
-0.200625
-0.53308
-0.381293
-0.68259
0.5092
0.337191
-0.76092
0.339076
-0.725897
-0.492273
-0.934057
-0.388958
-0.067572
-0.342497
0.135417
0.0616826
0.848679
0.104524
-0.499061
-0.423768
-0.320979
-0.107517
-0.442316
0.626007
0.0444077
-0.477962
0.0144453
0.639911
0.276712
0.663854
-0.507987
0.766956
0.372324
0.233314
-0.179731
0.462855
-0.519664
-0.125582
-0.45049
0.0610593
-0.803907
0.0656749
-0.112619
-0.725851
0.0268743
0.605219
0.239084
-0.152251
0.596937
-0.394789
0.761515
0.278264
0.577872
-0.196919
-0.664349
0.389608
-0.661167
-0.290158
-0.671374
-0.188254
-0.153065
-0.596063
-0.49666
0.0246978
0.506365
-0.105549
0.425542
-0.0865583
0.660204
-0.272605
0.681036
0.496539
0.48787
-0.106231
-0.442183
-0.12733
0.0454339
-0.190955
-0.684971
-0.820602
0.22704
-0.077568
0.146537
-0.0247437
-0.412056
-0.37029
0.438131
0.243143
0.00153359
0.914037
0.382647
-0.573274
-0.366552
-0.478095
-0.643657
0.294113
-0.268657
-0.303434
0.42879
-0.827743
0.257208
-0.22635
-0.635462
-0.284357
0.0529227
-0.433877
-0.0339433
-0.345714
0.2622
0.211098
0.569609
0.68492
0.741121
0.0363715
-0.14915
0.0480043
0.206165
-0.781918
0.0603598
-0.413808
-0.102982
0.286514
-0.702163
0.695042
0.194243
0.653378
0.424077
-0.137099
0.165011
-0.412506
0.17307
-0.285873
-0.480221
-0.0564686
-0.128779
-0.653745
-0.521861
0.165848
0.132004
0.508871
0.0710703
0.375508
0.387839
0.283121
0.570136
-0.0364679
0.104859
0.712013
0.266732
0.865877
0.496729
0.040029
-0.16581
0.576016
-0.609826
-0.890652
0.520438
-0.33168
-0.635117
0.204943
-0.55084
0.387274
-0.223954
-0.239265
0.470886
-0.0218643
0.257349
0.125445
-0.466513
-0.31637
0.269847
-0.202372
-0.439753
0.713033
0.0992473
-0.573997
0.328303
-0.795102
0.174533
0.118787
-0.121477
-0.507663
0.0659659
0.722922
0.646587
0.592126
0.0110118
0.52235
-0.463903
0.0948645
0.781933
0.515583
-0.329745
-0.487571
0.549623
-0.683272
-0.933782
-0.146915
-0.134797
-0.0239068
-0.486795
-0.0174142
0.368246
0.629303
-0.407524
-0.0547338
0.818968
0.175024
-0.18726
0.169393
0.520122
0.891521
-0.155464
-0.636033
0.531219
0.285827
-0.64954
0.128675
-0.452596
-0.278027
-0.0599498
-0.417066
-0.697722
0.487296
-0.0610675
-0.559449
-0.158783
-0.253744
0.195088
0.201805
-0.0187904
0.542913
0.155972
-0.47782
0.110143
0.395148
-0.536511
0.0283273
0.447697
0.277228
0.345287
0.137777
-0.123651
-0.59973
0.242357
0.0578829
0.441061
-0.510611
-0.354445
0.387531
0.580825
0.468156
0.625116
0.629441
0.497846
-0.654614
0.0490047
-0.866472
0.0341741
0.349193
0.520805
0.27983
-0.583732
-0.532526
0.724823
0.32299
-0.285774
0.845963
-0.0978072
0.576141
0.330505
-0.298554
0.191771
0.487754
-0.327552
-0.201584
-0.417485
-0.11455
-0.370102
-0.719933
-0.744119
0.442575
-0.533009
0.267831
-0.241437
-0.458323
0.725762
-0.0752051
0.477408
0.461189
0.205848
0.397061
0.401165
-0.310772
0.42579
-0.0754164
-0.334121
-0.610246
-0.0651666
0.168366
-0.58815
-0.175444
-0.663067
0.413683
0.642741
0.157636
0.373033
0.0982521
0.808941
0.816207
-0.123579
-0.17408
0.3498
0.464315
-0.24373
-0.0891959
-0.0589884
0.36192
-0.871109
-0.754039
0.225483
0.165199
-0.791844
0.40851
-0.531723
0.84327
0.550519
-0.302041
0.608519
-0.364667
-0.279594
-0.479427
0.190169
-0.643678
-0.219055
-0.587365
-0.828536
-0.929693
-0.0214933
-0.751887
0.13951
0.44143
0.483792
0.292048
0.619943
-0.315904
-0.465687
0.0462928
0.705983
0.289792
-0.205249
-0.448755
-0.261122
0.584257
0.0876194
-0.314887
0.287697
0.38925
0.116989
-0.242365
-0.293652
0.344562
-0.705917
-0.191792
0.709121
0.56507
0.761927
0.306685
-0.0651208
0.0565931
0.683554
0.668211
0.486909
-0.3007
-0.300679
-0.623622
-0.0578438
-0.18212
0.422702
-0.740625
-0.638598
-0.352701
-0.165127
0.580045
-0.666775
-0.176314
0.021354
-0.0876313
0.357604
-0.343125
-0.508402
0.00117211
0.402946
0.398805
0.227753
-0.486843
-0.221729
-0.446062
0.164874
-0.134855
0.0183365
-0.387045
0.111703
0.0253845
-0.616693
0.545074
-0.348313
0.410995
-0.124496
-0.986322
0.332607
0.312974
-0.244829
0.603072
-0.0401464
0.398388
-0.470265
0.124575
0.340574
0.088959
0.355408
0.794241
-0.162331
0.498741
0.629736
0.446603
-0.893726
-0.173925
0.0226378
-0.293042
-0.0849909
-0.616526
-0.820868
0.157412
-0.382483
-0.436395
-0.183046
0.819091
-0.126968
0.291074
-0.0921744
-0.0121591
0.222305
-0.607604
-0.527057
0.342639
-0.35669
-0.969292
-0.0122458
-0.505229
0.23908
0.136495
-0.11976
-0.733085
-0.127676
0.884105
0.59671
0.771801
0.595518
-0.485982
0.672658
0.578804
-0.266021
0.182682
0.089771
0.137869
-0.504374
-0.264843
0.163821
-0.62105
0.00853591
0.584673
-0.801229
-0.475577
-0.646217
0.496722
0.629214
0.937018
-0.310406
0.82843
-0.159653
0.0389304
0.575766
-0.345839
-0.303747
-0.276662
-0.379214
-0.575317
0.270074
0.425324
-0.894321
0.0914486
-0.237092
0.64029
-0.602315
-0.254926
0.0829308
0.962425
0.00318167
0.0688619
0.523922
-0.0710769
0.618112
0.28747
0.323107
-0.159879
0.547448
-0.491404
-0.155809
-0.525875
0.397979
0.139608
0.620306
0.233634
-0.391364
0.677138
-0.0219034
-0.454028
0.916568
-0.0788674
0.435339
-0.445322
-0.133078
0.0442455
-0.102685
0.520125
0.489995
-0.83754
-0.347807
0.0998343
0.296853
-0.159238
-0.353417
0.295253
0.411007
0.0810472
0.0159101
-0.364255
0.181354
0.0938573
-0.19211
0.888866
0.13679
-0.465734
0.333824
0.257389
0.0586221
-0.424683
0.811092
0.903965
-0.353253
-0.535323
-0.0681175
0.679706
-0.646221
0.000393888
-0.31407
-0.894214
-0.0973036
0.0840405
-0.294064
0.321855
-0.302053
-0.201405
-0.494871
0.755969
0.309263
0.232019
0.173068
0.148792
-0.0621891
-0.0410458
0.514056
-0.262338
-0.230408
-0.025517
-0.874453
-0.378146
-0.913455
-0.375811
-0.0546852
-0.383235
-0.00435092
0.692982
-0.544907
0.521534
0.621797
0.598298
0.767373
0.473458
-0.418214
0.851922
0.824485
0.447697
-0.109002
-0.167982
0.460971
0.172394
-0.575055
-0.33786
-0.394641
0.0172406
0.0458688
0.10678
0.0620785
0.529362
-0.00958883
0.18244
0.345884
-0.459384
0.58435
-0.104862
0.0529227
0.155031
-0.312811
0.398673
-0.234597
-0.364961
0.239402
0.118329
0.0181495
-0.503452
-0.729951
-0.498878
-0.137706
0.441156
0.309442
-0.634418
0.33096
-0.617891
-0.553541
-0.454605
-0.359185
-0.220129
-0.321047
-0.260832
0.771404
0.831085
0.756478
0.748179
0.119188
0.893215
-0.47308
-0.499474
0.33034
-0.518513
-0.673482
0.484105
-0.78921
-0.198829
0.219441
-0.481432
-0.799855
0.101698
0.404598
-0.581606
0.879855
0.926031
-0.364288
0.843583
-0.0435112
0.0408989
0.0137815
0.0224547
-0.345493
-0.488125
-0.0718027
0.217553
0.680713
0.259898
0.62372
-0.418999
0.396449
-0.0198911
0.466076
-0.664319
0.525108
0.469181
-0.577527
0.439333
-0.336318
-0.424986
-0.532871
0.680072
-0.0322266
0.0259291
0.590027
0.423879
0.0753296
0.268505
0.820021
0.426543
0.75545
0.122391
-0.334052
0.503415
0.277488
0.272834
0.347258
-0.397739
-0.469765
-0.0918969
0.172631
-0.559215
-0.57453
-0.367716
0.0112827
-0.320235
0.390885
-0.090195
-0.403385
0.329226
-0.213653
0.255333
0.309789
-0.203287
0.385806
0.716637
0.143815
0.262508
0.121156
0.529546
-0.641044
0.277445
0.192271
-0.717515
0.368452
0.207644
-0.058025
-0.445487
-0.838424
0.456125
0.48219
-0.687534
0.0825418
-0.488217
0.0418212
-0.359402
-0.192204
-0.374647
0.478234
-0.411079
0.385554
-0.706807
-0.616552
-0.396384
0.610032
0.422414
0.452275
0.876681
0.209648
0.323356
0.24341
-0.00496707
-0.578513
0.464549
0.164826
-0.0637804
-0.0324346
0.148864
0.450122
-0.876918
0.643836
0.558254
-0.504668
-0.203745
0.700354
0.38776
0.623443
0.832229
-0.0770215
-0.518431
0.259616
0.31622
-0.679502
-0.235048
0.515952
0.390486
-0.71134
-0.484125
0.212116
-0.815894
-0.389812
-0.360534
-0.630427
-0.54305
-0.765681
-0.584747
-0.0185177
0.211398
0.0772504
0.41529
0.393836
0.488258
0.488145
-0.498654
0.939505
0.392566
0.585584
0.587082
0.0223193
0.228777
0.470749
-0.440235
-0.245653
0.0834831
0.359296
-0.512691
0.0454815
0.318659
-0.0614147
0.0384364
0.132071
0.261971
0.26694
-0.33124
-0.485189
-0.333033
0.560039
0.370867
-0.25263
0.229326
0.226151
0.169864
-0.492536
0.122386
0.424535
-0.262442
0.617172
0.390277
0.624178
0.772221
-0.355702
0.0774354
-0.263049
-0.423384
0.414872
-0.358324
0.340254
-0.502619
-0.296033
-0.134838
0.199412
0.167575
-0.524215
0.0191995
0.768932
0.278347
-0.26307
0.913304
0.582839
0.288793
-0.0102526
0.635667
-0.0621242
0.369603
-0.218391
-0.493052
0.24105
0.124235
0.378065
0.553543
-0.619119
0.749702
0.596638
-0.869181
-0.934332
-0.891925
-0.395875
-0.0454687
-0.130495
-0.0931787
-0.486863
-0.749428
-0.367513
-0.105457
-0.0823777
-0.425095
0.917941
0.760036
-0.432543
-0.321535
-0.46603
0.6288
0.282593
-0.741824
-0.837921
0.280845
-0.49224
-0.444159
-0.102433
-0.479189
-0.506457
0.0909861
0.0195039
-0.249295
-0.426042
0.601869
0.336637
-0.456317
-0.0177833
-0.520674
0.468048
-0.098036
0.482556
-0.635433
0.430711
0.0942492
0.0649835
-0.171499
-0.562468
-0.744204
-0.56249
0.670642
0.471207
-0.450174
0.537472
0.159367
0.229743
-0.0604642
0.751993
-0.249249
-0.444514
-0.496498
0.377676
-0.296118
0.466785
-0.559523
0.314022
-0.736231
0.446871
0.195596
-0.023624
0.197651
0.806036
0.757251
0.900226
0.256602
0.462575
0.424566
-0.523551
0.850366
0.50284
0.227454
0.097462
-0.896786
-0.107972
-0.105119
-0.541453
-0.287778
-0.261058
-0.445632
-0.748033
-0.358428
0.680097
0.461884
-0.527397
0.47886
-0.0199826
-0.189241
0.0278127
-0.0129832
-0.541886
0.0535387
-0.821326
-0.226716
-0.638186
-0.619402
0.310543
-0.756831
-0.658238
0.290405
-0.485124
0.126877
-0.657478
-0.202188
-0.0418174
0.650166
0.256936
0.583328
0.474159
0.636623
-0.297242
-0.238349
0.160683
-0.28948
-0.705573
-0.830765
-0.272775
0.0194919
0.311731
-0.149487
-0.17378
-0.486289
-0.668191
0.543371
-0.407867
0.604478
0.922153
-0.286613
0.577163
0.737566
0.00142106
0.568371
0.112294
0.302536
0.493795
-0.800596
-0.908556
-0.454322
-0.0744159
0.28189
-0.338401
-0.225577
0.283741
-0.116398
-0.208682
-0.0758918
-0.0197995
0.182028
-0.340755
0.776158
-0.216579
-0.729834
0.293813
0.788152
0.491922
0.42571
0.130081
0.875811
-0.172883
0.487475
0.117609
-0.475165
-0.380701
-0.222963
0.206714
-0.71975
-0.698476
0.221973
-0.516231
-0.172789
0.422631
0.628891
0.822379
-0.580691
0.856873
0.327423
-0.382142
-0.214648
0.622667
0.59739
-0.40931
-0.678928
-0.788319
-0.827522
-0.346756
0.0874281
-0.697743
-0.633548
0.370832
-0.0774306
0.214199
-0.0190213
0.705322
-0.407783
0.453971
0.945533
0.264993
0.151951
0.664921
-0.15174
-0.206508
0.0795871
-0.364587
-0.595422
0.145873
0.448397
0.487388
0.155456
-0.470726
-0.802023
0.653862
-0.691334
-0.550859
0.678603
0.743845
-0.0795541
0.832883
-0.109173
0.358018
0.327797
0.314459
-0.269113
-0.239564
-0.372615
-0.321211
-0.24003
-0.223013
0.244679
0.491826
-0.193298
-0.220337
-0.745949
-0.392142
0.326149
-0.39482
0.399845
0.777307
0.190177
-0.278724
-0.523787
0.586204
-0.0336248
-0.20404
-0.885341
-0.0224108
-0.544004
-0.710103
0.268942
-0.869188
0.549652
-0.817343
0.312649
-0.359868
-0.426827
0.928747
0.445121
-0.0357306
0.550276
0.708915
-0.182778
0.131571
-0.313473
-0.618387
0.172707
0.197329
-0.40099
-0.495903
-0.952812
0.481618
0.595752
-0.216308
0.689457
-0.221798
0.431258
0.306699
0.14893
0.756386
0.212608
0.859346
-0.305375
0.289784
0.511651
-0.00535803
-0.393032
-0.539944
0.456271
-0.0327092
-0.861803
0.0123356
0.357197
0.144569
0.0530352
0.703353
-0.455622
0.492151
0.446586
0.515313
-0.161636
-0.301248
-0.248792
0.718185
-0.537653
-0.656155
-0.272725
-0.721962
-0.0821379
0.479376
0.480854
-0.859712
0.129674
-0.0145597
-0.328626
-0.577918
-0.00825828
-0.356919
-0.619448
0.319607
-0.930792
-0.83554
0.338839
-0.436781
0.171649
-0.672311
0.418577
-0.436525
-0.156921
-0.081876
0.0797116
-0.05578
-0.34978
0.484712
0.663363
0.56624
0.104725
-0.547772
0.156143
-0.0582997
0.183702
-0.602982
-0.642391
0.524215
-0.264855
0.800863
-0.000439664
0.845978
0.340241
0.630997
-0.383345
-0.0572907
0.419401
0.105477
-0.148576
0.49991
0.0453853
0.919866
0.564101
-0.11621
-0.198809
0.41103
0.895642
0.692915
0.561825
-0.266391
0.217845
-0.343826
-0.252894
-0.437122
0.130186
0.149261
-0.239535
0.535477
-0.050792
-0.304933
0.867991
0.6055
-0.086421
-0.482673
0.649983
0.728554
0.0149879
-0.369894
-0.16817
0.274765
0.250348
-0.0388455
-0.485544
0.0448407
-0.160786
0.537285
0.112507
-0.753527
0.568051
-0.0786009
0.424391
-0.219898
-0.291512
-0.375549
0.508571
0.147342
0.172148
-0.274673
-0.0766115
0.137427
-0.555045
-0.553815
-0.398838
0.412081
-0.903096
-0.53793
0.414466
0.598423
0.27749
-0.116277
0.60824
-0.512564
-0.105465
0.887177
-0.477055
-0.0969354
0.889644
-0.526825
-0.084577
-0.355294
0.401557
-0.145007
-0.101869
-0.123764
-0.135104
0.500067
-0.194396
-0.680738
0.203969
0.518954
-0.0893428
-0.400451
0.569274
0.121887
0.166005
-0.440417
-0.220683
-0.122503
-0.472098
-0.30686
-0.488619
0.520667
0.133253
-0.67815
0.0351941
0.0876881
0.386907
0.623922
0.401918
0.319998
0.1347
0.611451
-0.214557
0.806606
-0.154952
0.622988
-0.111683
-0.14846
-0.392396
-0.267398
-0.795111
0.0621891
-0.530728
0.44962
-0.81172
-0.313612
-0.584435
-0.433943
0.481345
0.389949
0.421095
0.000986179
0.159001
0.195408
-0.256582
0.455115
-0.354999
0.317114
0.518975
0.530853
-0.154477
-0.861085
0.429536
-0.562054
-0.20478
0.113462
0.499249
-0.604424
0.227179
0.522251
0.1949
0.826567
-0.236394
-0.429752
-0.245732
0.909565
0.140194
-0.201793
0.549831
-0.606255
-0.743655
-0.191199
0.508871
-0.454381
-0.401768
-0.162816
-0.602518
-0.411282
-0.306148
-0.300405
0.0989107
-0.42133
0.073969
0.424716
-0.85869
-0.544476
0.433923
-0.597328
0.191288
-0.581577
0.406491
-0.307336
-0.442491
0.826016
0.630252
0.687399
0.0864491
0.630381
0.510003
-0.264148
0.285461
0.386123
0.291924
0.12674
-0.361391
0.140792
-0.615061
-0.585105
-0.599272
0.0230746
-0.521727
-0.43506
0.441916
0.375824
0.754039
-0.149444
-0.0702529
0.292302
0.377106
-0.710723
0.51898
0.428834
-0.340378
-0.141069
-0.0339782
0.495901
0.58037
0.229443
-0.292186
-0.00617828
-0.540588
-0.266593
0.224786
-0.20992
-0.161316
-0.234914
0.725893
0.646953
0.497688
0.135413
-0.424528
-0.678289
0.253332
0.381089
0.130049
0.393539
-0.524968
-0.488191
-0.227637
0.630289
0.8641
-0.333019
-0.284736
-0.255333
0.797025
0.122621
-0.138143
-0.102131
-0.0844855
-0.418282
0.184645
0.226449
0.834335
0.41318
0.462563
-0.129805
0.6141
-0.0281523
-0.746086
-0.426023
-0.565757
-0.170506
-0.346146
0.3788
-0.375033
0.185243
0.0483247
0.113393
-0.495674
-0.176843
0.622981
0.863969
0.743372
0.68552
-0.243993
-0.166657
0.669584
0.0438583
-0.397432
0.493085
-0.695312
-0.232171
-0.108095
0.399263
-0.820647
0.216602
-0.755786
0.53328
0.0875984
0.291566
-0.861307
-0.391986
-0.747813
-0.0476332
-0.712792
0.0832932
0.598682
-0.467911
0.129212
-0.465618
0.545019
-0.0081239
0.494196
0.0781679
-0.50585
-0.186159
0.311316
0.363626
-0.57533
0.134223
0.203653
0.168671
-0.29817
0.0168238
-0.0691366
-0.0903471
-0.458222
-0.647319
0.466146
-0.119619
0.677962
-0.143447
0.780362
0.56622
0.0285305
-0.398666
0.120372
-0.606435
-0.451817
0.523303
0.243746
0.691244
-0.365033
0.0627861
0.948463
-0.161484
0.24013
0.075217
0.276575
-0.824027
-0.384975
-0.661763
-0.560713
0.192982
-0.645176
-0.0723101
-0.32299
-0.298024
0.685154
-0.172677
0.810767
0.180395
0.213249
0.841947
-0.384672
0.687582
0.0566011
-0.204219
-0.177738
-0.737046
-0.858515
0.0163183
-0.728265
-0.823453
-0.782422
0.127791
0.523238
-0.610559
0.748604
-0.306127
-0.447052
0.169312
-0.847611
0.0112846
-0.203315
-0.398304
0.0863672
0.389258
-0.25071
-0.357533
0.186431
0.056974
0.670537
0.414736
0.446357
-0.103711
0.774968
-0.242078
0.632325
0.601948
-0.755741
-0.429113
0.356106
0.170138
0.0254889
-0.244852
0.2384
-0.799627
0.700673
-0.425607
-0.288299
-0.0181038
-0.498296
0.277811
0.762416
0.805372
-0.243344
-0.154549
-0.20635
0.432798
0.229692
-0.367078
-0.0178896
0.391206
0.693885
0.391162
0.774006
0.72258
-0.384614
0.235166
-0.543554
0.519019
0.496648
-0.922198
-0.0369081
0.513343
0.591357
-0.26163
0.359344
-0.408806
0.249286
0.904392
0.231103
0.793925
-0.479756
0.857835
0.886806
0.794499
-0.175861
-0.630335
-0.331825
-0.154438
0.208972
-0.86676
-0.0860749
-0.273601
0.00414785
0.596409
-0.262887
-0.775455
-0.00102522
0.135207
0.0896713
-0.0430553
-0.0975654
0.311686
-0.191283
0.364492
0.299144
-0.140311
0.556006
0.0214036
0.147602
0.602843
0.332916
-0.54168
-0.299286
0.312307
0.469809
-0.400524
-0.813697
0.0459833
-0.78938
-0.783854
-0.289792
-0.724709
-0.174162
0.381064
0.669543
0.115915
-0.198572
0.394275
-0.252416
-0.490592
0.405659
0.122576
0.278401
0.71521
-0.686344
0.184446
-0.558213
0.888141
0.163213
-0.354811
0.129702
-0.280189
0.187438
0.35772
-0.639649
-0.283741
-0.139187
-0.225533
-0.210548
-0.37294
-0.284116
-0.497141
0.0308829
-0.262271
-0.721731
0.470291
0.544424
0.70301
0.341797
0.265771
0.719887
-0.168534
-0.505201
-0.355382
0.465414
-0.774036
-0.307196
-0.309721
0.321176
0.150682
-0.578933
-0.836227
-0.0948725
-0.0156584
0.609115
0.230225
0.616251
0.607423
-0.255712
0.283991
-0.231953
0.0374264
0.347345
0.108498
0.711752
0.466671
-0.648663
0.11543
-0.782376
0.323407
-0.317626
-0.557111
-0.825279
-0.533054
-0.550288
-0.646949
-0.219493
0.112367
0.945899
-0.0998215
0.646687
0.0508855
0.366023
-0.145301
0.627884
0.0694451
0.0429685
-0.620836
-0.605989
-0.0591237
0.240514
-0.0149488
0.0544134
-0.655926
-0.332563
-0.539963
0.75661
0.561689
0.660008
-0.0110556
-0.064035
-0.230794
0.193481
-0.298799
-0.727774
0.0715966
0.268385
-0.606873
-0.875857
0.405809
-0.0355347
0.202273
0.500165
-0.0787878
0.575192
-0.325717
0.738253
0.434149
-0.4809
0.695729
0.821426
0.520763
-0.0588081
-0.22546
0.133423
0.153953
-0.203827
-0.832198
-0.321883
-0.746361
-0.0388765
-0.116762
0.0681929
0.511672
0.536372
0.0906408
-0.0852589
-0.56787
0.307992
-0.252358
-0.126864
0.33192
0.0681929
-0.225739
-0.440189
0.442915
-0.297409
-0.0833848
0.886615
0.322812
0.729135
-0.000341425
0.691879
0.58007
0.185429
-0.330848
0.507215
-0.045163
-0.0127367
-0.474844
-0.578613
-0.436712
-0.310538
0.130469
0.32977
0.120493
0.698974
-0.133284
-0.360089
0.989128
-0.26084
0.578307
-0.278045
-0.586612
0.249062
-0.0634022
-0.434976
0.714775
0.586166
0.19083
0.479043
0.424352
-0.316179
0.437284
0.720129
0.428125
-0.405026
0.236837
0.0875197
-0.861633
0.0824383
-0.150226
0.205576
-0.0963212
0.202458
-0.544816
-0.253003
-0.166657
0.103105
0.923251
0.728311
0.450125
-0.0506594
-0.376989
0.183506
0.572375
0.268843
0.265723
0.239415
-0.20168
-0.237146
0.30752
0.396887
0.452022
0.244621
-0.0482989
0.151099
-0.0676406
-0.824355
-0.948521
-0.794645
0.20914
0.498059
-0.75078
0.493431
0.60978
0.670774
0.492792
-0.443819
0.600417
0.595414
-0.372389
0.154568
-0.430093
-0.672107
-0.333091
-0.0472164
-0.343231
-0.30142
-0.360946
-0.761226
-0.0729968
-0.227953
0.498945
-0.0340368
0.217911
-0.302674
-0.426362
-0.310327
0.995949
0.246622
0.484094
0.185378
0.586296
0.725211
-0.680921
-0.583382
0.147521
-0.350862
-0.188633
-0.726159
-0.706351
-0.127467
-0.753069
0.118957
-0.0704522
0.463532
0.832473
0.959358
0.89615
0.378924
0.708595
0.287282
0.535481
-0.130539
-0.360101
0.00469718
0.297265
-0.738245
-0.123352
-0.898426
0.5393
0.549607
0.172814
-0.123947
-0.661507
0.842858
0.433462
-0.23296
0.159197
0.475106
0.930807
0.587639
-0.263411
0.450856
0.522068
-0.378804
-0.0453423
0.604203
-0.465231
0.918935
0.191382
0.11703
-0.0474252
-0.323132
-0.792119
-0.669584
-0.77058
-0.258617
-0.904116
-0.491083
0.503363
0.455485
-0.00673146
0.504189
-0.424737
0.102472
0.24737
0.0393343
0.222464
0.578842
-0.063654
0.527165
0.329108
-0.398942
-0.348015
-0.785909
-0.668217
0.47005
0.41556
-0.302885
0.508627
0.198206
0.0861087
0.472326
-0.199275
-0.57419
-0.390929
-0.0347363
0.390473
0.298994
-0.080867
0.702911
0.768405
0.367263
0.151619
-0.328117
0.0372395
-0.227258
-0.715963
-0.841614
-0.768703
-0.213074
0.317476
0.479926
0.0902326
0.869731
-0.406723
-0.193407
0.760827
0.175665
-0.186708
-0.514448
-0.0898168
0.314434
-0.336296
0.159477
-0.252176
-0.614229
0.416934
-0.273769
-0.516093
-0.402188
-0.630976
-0.199391
-0.584827
-0.108387
-0.0383381
0.624804
0.860122
0.246943
-0.0989498
0.0899284
0.676984
0.226996
-0.569266
0.413322
0.11337
0.0321269
0.37706
-0.235407
-0.736566
0.120702
-0.421948
0.25396
-0.425149
0.0712962
-0.20676
0.478082
0.376282
-0.389983
0.158009
-0.462809
-0.589496
0.111358
0.0876194
0.316636
-0.129397
-0.90804
0.00189984
-0.923284
0.465091
0.00712349
0.229581
-0.485465
0.705276
-0.228969
0.940329
0.742182
0.635163
-0.321222
0.418629
0.346017
-0.261306
-0.215734
-0.66586
-0.430708
-0.228829
0.00690255
-0.370697
-0.0864411
-0.707221
-0.475892
0.133627
0.069241
-0.654503
-0.376378
0.00245111
0.374667
0.244255
0.939856
0.545163
-0.286468
-0.532272
-0.617996
0.345173
-0.354028
-0.854951
0.27558
0.0455732
-0.182806
-0.333389
-0.477632
0.157845
0.305736
-0.544911
0.412498
0.337184
0.382795
0.200627
-0.658452
-0.133608
0.379216
-0.105752
-0.349959
-0.00631561
-0.429986
0.301664
-0.371305
0.32684
0.25999
0.574828
0.572258
0.293126
-0.532206
0.603734
-0.282613
-0.295529
-0.168248
-0.991325
0.0292887
0.236012
0.166939
0.258879
-0.378021
0.633448
-0.274428
0.387133
-0.113202
0.496269
-0.0412827
0.743616
-0.386129
0.496019
-0.539164
0.0650044
-0.723008
0.401413
0.495824
-0.393266
-0.0990304
0.313837
0.283492
0.572833
0.547771
0.178449
0.34913
0.0639783
-0.255575
-0.332151
0.482797
-0.263022
0.389049
0.547933
0.742378
-0.799398
-0.446136
0.147109
-0.854341
-0.852934
-0.644077
0.0833849
-0.51572
0.202433
0.180255
0.563269
0.307883
-0.0317459
0.329483
-0.399629
-0.12071
0.194678
0.885891
0.0134152
-0.718252
-0.13647
-0.544973
0.0738627
-0.424841
-0.0721251
-0.788785
0.208637
-0.817405
0.442911
-0.220404
-0.178445
0.808112
0.809492
0.779721
-0.168673
0.432806
0.821395
-0.435021
-0.464473
-0.175632
0.044358
0.579546
0.421693
0.203432
-0.476675
0.498983
-0.920598
0.500485
-0.69699
0.444813
-0.470562
-0.247144
0.233086
0.342804
-0.185383
0.940634
-0.501577
-0.287338
0.714798
-0.0572469
0.654091
0.558304
0.455203
-0.987558
-0.591169
-0.221993
0.313517
-0.0491391
-0.604378
0.631363
-0.311022
-0.220271
-0.352933
0.58493
0.732718
0.463478
-0.531151
0.0735852
0.646541
0.610946
0.23892
0.0970796
-0.726037
0.304284
-0.871979
-0.679602
-0.364427
0.487026
-0.271701
-0.0343573
0.223725
-0.539764
0.058851
0.0666188
-0.09474
0.286954
-0.108197
0.874171
0.29015
-0.71459
0.175058
-0.41995
-0.561918
-0.489527
-0.700902
-0.219475
0.307245
-0.098718
-0.056997
0.213766
0.508929
-0.601932
-0.280144
0.0964668
-0.0329381
0.576095
0.814573
-0.405952
0.0907362
0.227774
0.139213
-0.655164
-0.418904
-0.458076
0.00624882
-0.793042
0.527671
0.30977
-0.199324
-0.484595
-0.392646
0.208084
-0.374815
0.420812
0.235465
0.959679
0.858293
-0.40293
0.525592
-0.448476
0.557546
0.781423
0.836685
0.884463
0.374267
0.983026
0.882784
-0.500394
0.112298
0.742057
0.479123
-0.181853
-0.740869
-0.0158954
-0.559398
-0.448417
-0.739908
-0.315253
0.34293
0.730979
-0.0983317
-0.398947
0.323867
-0.425004
0.872528
0.69947
-0.162537
0.11117
0.486222
0.0875069
-0.737184
0.341174
0.0625553
-0.528164
-0.260049
-0.502482
-0.504786
-0.0525726
0.591877
0.0523027
-0.457336
-0.749652
0.275749
-0.0516031
-0.355132
-0.270199
-0.894687
-0.247546
0.601765
-0.747322
-0.110784
-0.363606
-0.246404
-0.410995
0.188404
0.873522
-0.13745
0.156491
0.701934
0.745216
-0.204085
0.462535
-0.179662
0.48177
-0.0863166
-0.293226
0.155212
0.16735
0.643287
-0.168673
0.359597
-0.339434
-0.2855
0.0895541
0.586912
-0.171708
-0.004782
-0.0778065
0.447814
-0.223837
-0.640906
0.102151
0.240274
-0.0529564
-0.247047
-0.013037
0.930715
0.734682
-0.405006
-0.742286
0.458431
0.0470429
0.333751
-0.30847
-0.119552
-0.0209311
0.436571
0.181908
0.56592
0.0402628
0.175748
0.762607
-0.381224
0.160466
-0.220633
0.266536
0.940741
-0.115849
-0.56885
-0.57446
-0.664853
-0.451492
-0.883425
0.43329
-0.972235
-0.511134
0.343182
-0.222276
0.459255
-0.566174
-0.229218
-0.525334
-0.205253
-0.438437
-0.443714
-0.0427221
-0.607148
-0.586449
0.246473
-0.663592
-0.122824
-0.423943
-0.139281
0.579025
0.51513
-0.187593
0.862642
0.482759
-0.587986
0.54452
0.620443
0.286559
-0.439001
0.304604
-0.240547
-0.621462
0.0555969
0.590304
-0.610787
-0.611312
-0.218548
-0.328951
0.178472
0.738794
-0.0656245
-0.353039
0.21743
-0.564302
0.722397
-0.0595358
0.601357
-0.427285
0.0299644
0.594224
0.399446
0.374163
0.0202134
0.521305
0.64352
0.664828
-0.252199
0.143179
0.163865
-0.189307
-0.700124
-0.926443
0.0429161
0.344791
-0.325904
-0.703969
-0.446574
-0.466197
-0.427553
-0.444368
0.649263
-0.482319
0.522594
0.378017
-0.507414
-0.172885
0.228345
0.00890892
0.515037
-0.698096
-0.476721
-0.181021
-0.460243
-0.283162
0.285019
0.33563
-0.497393
0.245221
-0.246958
-0.126635
-0.427051
0.0164246
0.493841
-0.540533
0.0120838
0.482077
0.655926
-0.535461
-0.0916251
0.136798
0.219946
-0.378446
-0.0117862
0.474107
-0.248533
0.331647
-0.395763
0.0140819
-0.803541
-0.622652
-0.197468
-0.632632
0.0280378
-0.0227246
-0.0482531
-0.379532
0.558966
-0.271086
0.908375
0.116335
0.768243
-0.258276
-0.343914
0.415784
-0.0005017
-0.359252
-0.800038
-0.89024
-0.595612
-0.162068
-0.540034
-0.598389
-0.466652
-0.746859
-0.600258
-0.00464662
0.139674
0.784032
0.112504
0.613588
-0.206395
0.0741265
0.553358
0.680663
0.416409
0.512429
-0.0524649
-0.409055
-0.645145
0.108487
0.371475
0.231449
-0.848633
-0.822441
-0.0109431
-0.455114
0.823294
-0.116078
0.418217
0.707206
-0.000572234
0.941275
-0.334667
0.703506
0.773761
-0.345884
0.562353
0.268879
-0.449801
0.670629
-0.130036
-0.471103
0.358338
0.0937738
0.18321
-0.278772
-0.790013
-0.612818
0.463672
-0.956016
-0.983909
-0.767269
-0.027767
-0.153561
0.270919
0.288065
-0.0331422
-0.583758
0.183828
-0.435167
0.734504
-0.00411006
-0.329997
0.340432
-0.559831
0.333524
-0.398784
-0.604166
0.292229
0.290779
-0.308986
0.126157
0.0487758
0.314302
-0.128367
-0.316769
0.559332
0.194946
-0.488851
0.0993966
0.560543
0.790158
0.785458
0.553351
-0.0371708
0.265084
-0.1421
-0.177916
0.372892
-0.874484
-0.509774
-0.285214
0.131361
-0.401593
0.192087
0.397661
0.305944
0.0345356
0.506937
0.810072
0.111587
0.758937
0.000619923
-0.418541
0.742815
0.17435
-0.14558
-0.755328
-0.886126
-0.859148
-0.564755
-0.711235
0.536644
-0.0627355
-0.797612
-0.285319
-0.130244
-0.564475
0.392852
0.0637603
-0.554088
-0.255229
-0.272182
-0.882961
-0.391139
-0.462163
0.785939
0.174254
0.503641
0.608369
-0.255287
0.596055
0.316862
0.537145
0.00114639
-0.491645
0.0703148
-0.693572
0.208774
-0.210274
-0.133011
-0.675665
-0.458045
-0.727129
-0.424421
0.64615
-0.498991
0.712754
0.425176
0.46595
0.605132
0.316527
-0.05079
0.163999
-0.166772
0.0216764
-0.440626
0.580004
-0.815031
0.41539
-0.506066
-0.0691823
-0.73684
-0.0213054
-0.623651
-0.0895211
-0.0545668
-0.544617
0.105317
-0.206637
-0.25982
0.393345
0.267284
0.578758
0.438017
0.291957
-0.400753
0.594608
-0.321532
0.501592
-0.000709593
-0.768734
0.0870929
-0.693481
0.567934
0.0911692
0.797154
-0.258085
-0.346203
0.12572
-0.296672
0.942923
0.843643
-0.451044
0.307592
0.208822
0.327872
-0.0119302
0.931127
0.654972
0.309902
0.710365
0.771907
0.597116
0.590004
-0.194539
-0.620722
-0.394451
-0.84671
0.370298
0.062374
-0.113451
0.531838
-0.0903404
-0.0585535
-0.062191
-0.193552
-0.289444
0.822631
0.700706
-0.180667
0.818816
-0.195498
0.119685
-0.42254
-0.0741851
-0.477524
-0.0954218
-0.152927
0.187959
0.400224
-0.46151
-0.534634
-0.716782
0.269088
0.694767
-0.438379
-0.367817
-0.297494
0.00843345
0.907732
0.955467
-0.1201
0.86616
0.634181
-0.273599
0.633948
-0.243746
-0.942526
-0.710091
-0.696965
-0.524136
-0.102067
-0.296575
-0.00128372
-0.395189
0.826499
-0.523924
0.883379
-0.0554743
0.815533
0.12984
-0.474202
0.33384
-0.224865
-0.11122
-0.762912
-0.364695
0.473927
-0.980188
-0.242561
0.437227
-0.229836
0.129949
0.655098
0.631775
-0.307775
0.0517581
0.379072
0.342739
0.169406
-0.426992
-0.291821
-0.602106
-0.751146
0.224707
-0.259383
0.756519
0.441016
0.173467
0.128433
0.0749047
0.388919
0.599542
-0.435587
-0.190418
-0.0331003
-0.603845
0.0624637
-0.0226249
-0.293925
-0.344315
0.338146
-0.493746
0.0338289
0.226492
-0.393882
0.226076
-0.202365
-0.0844525
-0.359206
0.297575
0.514583
0.621836
0.459121
-0.236472
-0.376032
0.570207
-0.001856
-0.883365
-0.0088583
-0.434363
0.190691
0.0675062
-0.104928
-0.696278
-0.496794
-0.188821
-0.276161
-0.440065
-0.465048
0.842759
0.566313
0.294973
0.785664
-0.247322
-0.270282
0.0946989
0.214725
-0.3499
-0.820111
0.11485
-0.254099
-0.856134
-0.61239
0.316128
0.53072
-0.567048
0.553586
0.0627275
0.819699
-0.195879
0.652881
0.371608
0.299672
-0.2801
0.576632
0.479839
0.269706
0.392409
0.117584
0.151794
-0.942343
0.0258929
0.0346529
-0.239127
0.244783
-0.473064
-0.0824692
0.469659
-0.207174
0.231698
0.0426452
-0.456721
0.685911
0.582563
0.247938
-0.281789
0.206119
0.40042
-0.175906
-0.207619
-0.501536
0.184838
-0.594032
-0.273874
-0.261031
-0.509
-0.163453
0.824722
-0.246269
0.683722
0.943259
-0.2102
-0.551729
0.249245
0.160504
-0.396933
0.323134
0.0388765
-0.336957
0.578888
0.05203
-0.410529
-0.356847
-0.53335
-0.302785
-0.043783
-0.439047
-0.350633
-0.42348
-0.782788
0.136946
0.151877
-0.507235
0.596297
-0.545686
0.215913
0.00478582
0.924841
0.238853
-0.428208
-0.350598
-0.143454
0.80013
0.214544
-0.480546
-0.373027
-0.868593
-0.795698
0.0683254
0.403716
0.196917
-0.699341
0.500685
-0.611633
0.094719
-0.14762
0.597122
0.118258
-0.179157
0.119082
0.78706
-0.371983
-0.63468
0.581556
0.623785
0.517927
-0.610398
0.0108854
-0.716604
-0.279675
-0.237848
-0.644634
0.197444
0.378616
-0.606847
-0.382101
0.914555
0.0338866
-0.15938
-0.35075
0.758814
0.0326586
0.171582
-0.335813
0.186914
-0.0513824
-0.924306
0.00131748
-0.784403
0.0638519
0.259589
-0.565391
-0.720474
0.570385
0.811437
0.46019
0.865983
0.93981
0.259408
-0.267249
0.242059
0.122889
0.557134
0.210241
0.428491
-0.377284
0.242696
-0.724511
-0.460332
0.236714
-0.948935
-0.105402
0.601948
-0.122024
-0.581485
0.484682
-0.0553222
-0.324885
-0.147798
0.916051
0.231988
0.259861
0.649059
0.455983
-0.464065
0.0389857
0.46033
-0.324584
-0.174808
0.493856
-0.769115
0.125417
0.226697
-0.331327
0.703078
0.207672
0.408833
-0.203341
-0.293605
-0.0855969
0.900455
-0.276351
-0.529755
-0.0063404
0.49954
-0.325142
-0.797727
-0.688071
0.393495
0.158935
-0.285458
-0.028859
0.599614
-0.579724
0.035435
-0.146063
-0.176317
-0.361737
0.980521
-0.477146
-0.198291
0.78362
0.165997
-0.720862
0.0277861
-0.0731273
0.462619
-0.0967414
-0.759682
-0.455787
-0.583434
-0.61616
0.526275
-0.0195706
-0.670113
0.560721
0.388965
0.517864
0.720495
0.353746
-0.402923
0.712571
0.397502
0.138001
-0.0336954
-0.457993
0.398208
-0.966225
-0.30418
-0.341568
-0.935476
-0.829857
-0.129923
0.159838
0.200652
-0.404487
0.221367
0.0759577
0.781519
-0.239461
0.219399
0.480608
0.199736
0.379944
0.391273
0.525206
0.545022
0.194277
-0.756798
-0.062819
-0.0548683
0.439691
0.643928
-0.354308
0.505675
0.15499
-0.388873
0.505758
0.149766
-0.416738
0.245351
-0.682769
0.195292
0.381638
0.453811
0.550055
-0.191469
-0.314401
0.169131
-0.0442126
0.0342219
-0.0909451
0.571097
-0.531794
0.502287
-0.884655
0.350552
-0.489847
-0.786555
-0.0746301
-0.174855
-0.358881
-0.611886
-0.253823
-0.279159
-0.405173
0.34932
-0.104275
0.46665
-0.494496
0.881548
-0.592181
0.362069
-0.494621
-0.00251592
-0.517698
0.393771
-0.434663
0.778681
-0.0834911
0.677144
-0.274153
-0.578189
0.399355
-0.403087
-0.347573
-0.678289
-0.786817
0.162905
0.175553
-0.542187
0.559174
0.290101
-0.739585
-0.0461892
-0.239407
-0.317225
-0.369748
-0.123169
-0.0234289
0.232766
-0.547821
0.261218
0.231299
-0.664898
0.383016
-0.147617
-0.218148
-0.00620309
-0.983621
-0.898944
-0.869593
0.0757626
-0.10417
-0.557913
0.312333
-0.843414
-0.937659
0.161898
-0.284802
0.199939
0.336093
-0.809698
-0.355773
0.715118
0.239443
0.457038
-0.319941
0.0970289
-0.253103
-0.489446
0.208313
-0.343616
0.258629
-0.496568
-0.540441
-0.120058
0.419464
0.442204
-0.477899
-0.27058
-0.784169
0.188013
0.614288
-0.205638
0.400128
0.680532
0.188849
0.145463
0.540616
-0.176774
0.156812
0.248216
-0.118682
0.465713
0.192336
-0.287148
0.881671
0.145784
0.457573
-0.142669
0.58384
0.726609
-0.372986
0.656334
-0.257068
-0.243982
0.257681
-0.907045
-0.121599
-0.181081
-0.280828
0.123098
0.192982
0.748354
0.4411
0.929891
-0.417633
0.765038
0.106035
0.380587
0.646282
0.0282019
0.597761
0.0891301
0.494855
0.0946922
-0.276196
-0.0455731
0.39598
-0.184973
0.0212692
0.0363009
0.424075
0.202342
-0.225435
-0.790814
0.0828503
-0.422702
0.00333179
-0.662037
-0.401913
0.324664
-0.367355
0.619165
0.79035
-0.0984004
-0.105923
-0.208272
-0.288994
0.797727
0.835763
0.726059
0.440739
0.0460977
-0.220124
-0.0698379
-0.83049
0.189182
-0.308379
-0.217567
-0.506473
-0.818533
0.743934
0.30544
-0.0245195
0.703101
0.652638
0.827756
0.769329
-0.177553
-0.432091
-0.606252
-0.508492
-0.556398
-0.514906
0.697516
-0.289955
0.200627
0.512233
-0.484044
0.698608
-0.0656912
-0.625229
0.217724
0.390616
-0.920644
-0.795972
0.359984
-0.8076
0.231023
-0.177321
0.586566
0.102156
-0.241117
0.784673
0.00382445
-0.144789
0.536463
0.299314
0.446097
-0.490139
0.268726
0.34712
-0.466171
-0.234362
-0.083526
0.00795552
-0.60385
-0.440543
-0.255061
-0.690505
-0.582633
