-0.7481
0.249935
-0.166119
0.867679
0.603092
0.469854
0.251004
0.998516
0.778213
0.524473
-0.488807
0.383969
0.0219149
-0.38416
-0.769499
-1.2275
-1.0884
-0.607791
-0.822894
-0.65563
0.732856
0.0730902
-0.277454
-0.338464
-0.261081
0.316861
0.52307
0.511334
0.446589
0.315308
-0.500618
0.0901125
-0.367666
-0.626286
-1.13994
-0.338422
-0.0504916
0.0494605
-0.264022
-0.451547
0.564022
0.494579
0.97781
1.04315
0.534606
-0.0364631
0.418693
0.0075345
0.837314
-0.281057
0.419543
0.361034
0.451369
0.345102
-0.308228
-0.661303
-0.826174
-0.708551
0.216385
-0.868869
-0.186161
-0.456529
0.559755
-0.261143
-0.261264
1.12825
0.139395
0.0638886
0.425805
0.441338
0.506478
0.185287
-0.316439
-0.846438
-0.109867
-0.547267
-0.538543
0.269292
0.0728213
-0.742061
0.148622
-0.0175983
0.646461
0.568009
0.584185
0.292048
-0.0471096
-0.00780152
0.181665
0.608889
0.025705
0.580545
0.0834878
-0.636128
-0.972026
-0.263986
-0.487637
-1.05917
0.00580062
-0.147253
-0.528726
0.82895
-0.243715
1.01225
0.764921
0.20461
0.365406
-0.239902
0.993879
0.429344
-0.52012
0.411436
0.188688
-0.281385
-0.93847
-0.98313
0.000323293
-0.441567
-0.810533
-0.14858
0.348082
-0.141572
-0.330594
0.103163
0.273416
0.383835
0.332929
-0.0370125
-0.565441
-0.198247
0.502083
-0.697331
0.0255677
0.244529
-0.110625
-0.592955
0.674075
0.632142
0.0743683
-0.230979
-0.0423686
-0.187489
0.520532
-0.274652
-0.0658075
-0.342131
0.724524
-0.303264
0.35884
0.100966
-0.455983
0.39203
0.509225
-0.153475
0.00139622
0.585309
-0.708776
0.742012
0.108931
-0.674213
0.0470381
-0.458867
0.514626
0.19019
0.236472
-0.453191
0.513299
-0.564984
-0.585081
0.364746
-0.278864
0.661669
-0.320843
-0.245491
-0.539576
0.349684
0.501991
0.312054
0.150407
0.37088
-0.37088
-0.533259
-0.747551
-0.658465
0.459417
0.529001
-0.434101
-0.576566
0.0798617
-0.728598
-0.579312
-0.068188
0.378388
0.279276
0.0652124
-0.639146
-0.0948773
-0.447056
0.294383
-0.314434
-0.0949231
-0.401323
0.116851
0.0489151
0.193074
-0.509682
0.00624884
0.69463
0.293696
0.637269
-0.465048
-0.24604
-0.482444
0.742836
-0.0637933
0.747093
-0.603713
0.187809
-0.608382
-0.0933666
0.64734
-0.677326
0.591993
-0.314938
-0.409014
0.403658
-0.133881
-0.447011
0.192158
0.156267
-0.0725371
-0.0504257
0.146791
0.202138
0.532251
0.493248
0.187214
0.331418
0.098677
-0.18726
-0.473563
0.356917
0.0827458
0.607696
-0.385667
-0.466558
0.157137
0.297816
0.126969
-0.223013
-0.00826315
-0.629395
0.361175
0.168124
0.180622
0.286738
0.456853
-0.5263
0.114105
0.551662
0.617401
0.172107
0.341581
-0.685154
0.251717
0.714864
-0.277445
0.10385
-0.291224
-0.489082
-0.587141
0.55363
0.526895
0.366531
-0.517648
-0.259591
-0.630951
-0.635071
0.211523
0.480063
0.0676845
0.0769357
0.157402
0.102664
0.423912
0.501854
-0.0454615
0.139104
0.650947
-0.12463
0.490089
0.53417
0.266192
-0.0669101
-0.775405
0.166064
-1.03465
-1.05588
0.133616
-0.117588
0.164507
0.838747
-0.347679
0.968027
0.70637
0.233222
-0.117243
0.412131
-0.115442
-0.160017
0.630036
-0.077714
-0.049638
-0.982676
-0.486675
-0.681263
-0.480266
0.0355894
-0.279953
-0.330918
0.282297
0.0482741
0.159472
-0.157183
-0.741142
0.311871
-0.599043
0.18465
0.544932
-0.0127037
0.371063
-0.0046008
-0.179798
0.428104
0.0792666
-0.214315
0.683643
0.196324
-0.485099
-0.188587
-0.552532
0.364974
0.677646
0.168032
-0.708227
-0.255196
-0.66611
0.208867
-0.552532
0.520669
0.546534
0.145372
0.332517
0.531015
-0.727957
-0.560268
0.311916
0.175769
-0.423617
-0.651048
-0.496589
0.186207
-0.238487
-0.270852
-0.198613
0.241554
0.453649
0.460378
0.0398507
0.166705
0.447331
0.600966
-0.532755
0.195317
-0.146333
-0.369415
-0.545161
0.532847
-0.650728
-0.108245
0.110076
-0.296535
0.072125
-0.411623
-0.282938
-0.584028
0.462118
-0.547908
-0.32359
0.432224
0.592909
0.434513
0.365753
0.172885
-0.208272
0.535044
-0.407229
0.545436
-0.405809
-0.375641
0.063656
0.727316
-0.669268
-0.627838
0.0370583
-0.109756
-0.60797
-0.36177
0.587369
-0.400819
-0.530146
-0.562328
0.647523
-0.629807
-0.67934
-0.661898
-0.245353
0.622116
-0.152055
-0.100783
0.669314
0.505837
0.0513872
0.513207
0.290354
-0.153429
-0.36122
-0.743477
0.0384316
0.68227
-0.151918
-0.388322
0.128388
-0.367263
0.276071
0.667987
-0.0967085
0.585401
-0.739219
0.661532
0.152376
0.429294
0.115066
-0.536326
-0.416476
-0.175449
-0.743568
-0.123077
-0.626602
0.239951
0.532709
-0.652696
0.46665
0.243156
0.287287
0.454106
0.0452527
0.278498
-0.535822
0.284311
0.341902
0.416659
-0.703374
0.553081
0.216833
0.309902
-0.621795
0.0780306
0.671924
-0.661806
-0.337507
-0.532206
0.722738
0.180027
-0.311596
0.63379
-0.198659
0.291865
-0.422015
-0.516091
-0.389146
0.186714
0.897376
-0.185837
1.07956
0.41263
-0.154279
0.827714
-0.198394
0.866168
0.413867
0.401136
-0.727902
-0.469538
-1.21987
-0.123993
-1.05443
-0.547408
-0.577151
0.584482
-0.692112
-0.217333
-0.172162
0.0260751
-0.0441797
0.68053
1.05365
1.0632
-0.162594
0.574052
0.21839
0.0806819
0.319891
-0.471277
0.156476
-0.253685
-0.999356
-0.199944
-0.189539
-0.271406
0.664599
0.215418
0.411797
0.459238
0.108494
0.345472
0.250959
-0.290534
0.736829
-0.300697
-0.644548
-0.320344
-0.157723
-1.04809
-0.928994
-1.01614
-0.25897
-0.472971
-0.137397
0.141568
-0.0880104
0.431266
0.138724
0.908148
0.613896
0.0494186
1.14979
0.968576
0.131491
0.885762
-0.472006
0.439133
-0.182169
-0.491374
-0.284469
-0.187168
-1.15107
-0.72613
-0.653557
-0.293013
0.593046
0.469858
0.636618
0.998653
0.315919
0.346159
1.08139
0.11745
0.126089
0.260419
-0.219626
0.196091
0.0741948
-0.0498802
-0.116322
-1.041
-0.92524
-0.745586
-0.0231776
0.462251
-0.198201
0.181038
-0.292012
1.01573
0.0301657
0.526987
0.707835
0.312332
0.575412
-0.459825
-0.630631
-0.790816
-1.00216
-0.621845
-0.764647
-0.204015
-1.01149
-0.562195
-0.942103
0.109157
0.337461
-0.451909
0.291087
0.173617
0.232398
0.0660365
-0.602522
0.0680966
-0.67554
0.711935
-0.053905
0.705022
0.341856
0.0464888
0.269937
0.289256
-0.191792
-0.167025
-0.675037
0.464727
-0.495628
-0.658739
-0.284128
0.426776
-0.431263
-0.267099
-0.0229583
-0.736243
-0.0901621
0.0118339
0.158968
0.387864
-0.148347
-0.225256
0.514031
0.663546
0.185017
0.745994
-0.669772
0.0943279
0.54539
-0.169818
-0.290354
-0.323636
-0.70992
0.168902
-0.16318
-0.722052
-0.70342
-0.0664027
0.536967
0.655214
-0.147111
0.340986
0.167437
0.462621
0.563198
0.123947
0.142579
-0.631455
0.439823
-0.0566517
0.135987
0.134202
0.10385
0.474158
0.259179
-0.234595
-0.734641
-0.348997
-0.237617
-0.401827
0.406588
-0.192341
0.554866
-0.574689
0.338422
0.19344
0.590986
-0.475439
0.0534014
0.603072
0.420184
0.69788
-0.453923
0.602385
0.446187
0.680164
0.523279
0.585584
0.193119
-0.471777
0.175449
-0.352477
-0.373993
0.348356
0.432224
-0.493568
0.320889
-0.0285433
-0.627747
0.459875
0.533075
-0.563015
-0.288752
0.11003
-0.0404917
0.393129
-0.462163
0.341719
0.742607
-0.72695
0.221502
0.287516
-0.488761
-0.641801
-0.337507
0.264993
0.508446
0.0850348
-0.193119
0.419314
-0.401186
0.207403
-0.402467
-0.443074
0.706624
-0.327344
-0.715643
0.403887
-0.522226
-0.679523
-0.736106
-0.227088
0.215872
-0.235099
-0.128113
-0.125183
-0.613967
0.0678219
0.298961
-0.242973
0.236335
0.564434
0.053264
0.105086
-0.668994
-0.0512955
-0.359984
-0.109756
0.54507
-0.0200741
-0.61882
0.0987686
0.314159
0.417758
0.546397
0.525888
-0.310451
0.546626
0.217428
0.524839
0.786911
0.802993
1.03346
1.11255
1.09439
0.437492
0.204188
-0.434006
-0.218939
0.330133
-0.402275
-0.899725
-1.22422
-0.263757
-0.065141
-1.0589
-0.909142
-0.325974
0.275888
0.615985
-0.224945
-0.131176
-0.201752
0.26925
-0.246615
1.12221
0.515395
-0.514989
0.621292
0.0517495
-0.396278
-1.1229
-0.861607
-0.662035
-0.244458
0.0183765
-1.00963
0.334619
-0.542323
0.35596
0.369543
1.12981
0.420708
0.0722166
0.176613
0.827805
0.0577408
0.125462
0.162081
-0.750713
0.432829
-0.020719
-0.999173
-0.56535
-0.158027
0.343683
0.119425
0.0580213
0.181858
0.823731
0.57619
0.0892503
0.576311
0.185612
0.547928
0.723109
-0.0864178
0.224574
-0.0110099
0.523641
-0.0391087
-0.00671053
-0.29042
-0.581327
-0.0273274
-0.0361465
0.439558
-0.597536
0.194264
0.614791
0.136994
0.627655
0.00835462
-0.0158624
-0.0753754
0.584073
0.660662
-0.475577
-0.372024
-0.445454
0.345793
0.661761
0.187672
-0.687946
0.212072
-0.698201
0.084577
0.0667689
-0.0804568
-0.657915
0.744117
-0.558346
0.151415
-0.674441
-0.490775
0.240409
-0.251305
-0.276025
0.230429
-0.134156
-0.108703
-0.417529
0.267831
-0.500298
-0.00363947
0.0115135
0.454152
-0.0973494
-0.743202
-0.0862212
0.107777
-0.152601
0.966578
0.850005
1.0623
0.619556
0.519836
0.176277
0.351012
0.20131
0.391811
-0.455712
-0.680596
-1.08169
0.131526
0.0773858
-0.361669
-0.741466
0.554225
0.54663
-0.397396
0.279554
1.12978
-0.148347
-0.0271498
-0.0285395
-0.280704
0.291228
-0.572446
0.0229544
-0.173699
-0.119007
-0.128133
0.123535
-0.220882
-0.70672
0.169461
-0.33719
0.746315
0.408831
-0.443348
-0.494117
-0.167575
-0.47814
0.121521
-0.456533
0.690281
-0.46459
-0.177371
-0.293971
-0.568737
-0.452733
-0.680622
0.406816
0.391618
0.571622
-0.747322
-0.0770235
-0.110396
0.452367
-0.0579335
-0.007668
0.37413
-0.392213
0.0891549
-0.610854
0.633103
0.590803
0.535593
-0.660525
-0.0136193
0.198109
0.37088
0.384156
-0.366348
0.614929
0.438038
-0.450536
0.0793124
-0.518605
0.327197
0.84012
0.781814
-0.213903
0.823198
0.484599
0.915276
0.71789
0.445454
-0.446328
-0.451442
-0.431633
-1.14663
-0.271997
-1.22422
-0.00158317
0.0904462
-0.574876
-0.517831
-0.509175
0.549867
-0.296439
0.244366
0.796855
0.922813
0.308945
1.01654
0.357882
-0.307018
-0.189003
0.267703
-1.03555
-1.07402
-1.03514
-1.01098
0.222552
-0.580768
-0.343737
0.470816
-0.680027
0.471365
-0.38997
0.596892
-0.365203
-0.34593
-0.437946
-0.405901
0.519296
0.562328
0.581601
0.517236
0.163958
-0.688633
-0.489677
-0.474341
-0.216101
-0.0760621
-0.472372
0.591764
0.184604
0.0695615
0.617584
0.0339453
0.346022
0.749062
0.704061
0.551204
0.510369
-0.529962
-0.188358
-0.323407
-0.493522
0.710699
0.362777
0.324963
-0.703649
0.217611
0.469122
0.353942
0.631825
-0.269122
0.732905
0.288177
0.724799
1.09874
0.989086
-0.407833
0.564804
-0.0766572
-0.893132
-0.700938
-0.526762
-0.990613
0.128617
-0.472942
-0.790175
0.0878827
0.455339
-0.429752
-0.547309
0.700709
-0.00308624
0.560471
0.959646
1.00361
0.151968
0.35233
0.892263
0.554088
0.0658495
-0.702266
0.0647508
-0.668922
-0.69962
-1.17304
-0.312515
-0.447047
-0.724802
-0.262566
0.598585
-0.447743
0.660342
-0.562374
0.524057
0.590986
-0.0816013
-0.416796
0.202184
0.0901621
0.186115
-0.114471
-0.725256
0.54626
-0.540537
-0.34886
-0.312008
0.272546
0.0922222
0.688313
0.160891
0.432407
-0.11589
0.477637
0.359252
-0.546306
0.0248352
-0.719854
-0.739494
0.372528
-0.249153
0.603255
-0.0565601
0.401918
-0.674213
0.196507
-0.71372
0.273691
0.703694
0.000709555
0.309627
-0.351058
0.483588
0.219992
0.145875
-0.354537
0.516412
-0.0598563
0.372299
-0.222555
-0.728232
-0.0351355
0.189778
-0.144136
-0.174533
-0.708547
-0.316723
0.145326
0.575879
-0.101698
0.647386
-0.175494
0.0497391
-0.73487
0.711431
0.547862
-0.0938244
0.29951
-0.250526
0.153566
-0.00212876
0.0894754
-0.691471
-0.182636
-0.400407
0.656084
0.539347
0.696232
0.163271
0.126007
-0.6353
-0.13942
-0.292002
-0.00208293
-0.629898
0.562237
-0.293559
0.422336
0.6494
0.132691
-0.425632
-0.331006
0.0911234
0.561687
-0.374863
-0.297862
0.340757
0.549968
-0.403337
-0.463903
-0.0797702
0.585584
0.111541
-0.706807
0.742927
-0.66112
0.178836
-0.364562
-0.495216
-0.575787
-0.402742
-0.00762227
0.689778
-0.676044
-0.630539
-0.243476
-0.330365
0.0233703
-0.0141229
-0.131546
0.637132
0.151643
-0.311733
-0.0363258
-0.147478
0.677051
0.0725829
0.502449
0.4417
0.45255
0.139329
0.555187
-0.272867
0.658831
-0.348082
0.665057
0.328214
-0.558529
0.412402
-0.040629
-0.486106
-0.709966
-0.687534
-0.067776
0.543513
-0.545802
-0.728278
-0.430805
0.477866
0.445866
0.419543
0.2378
-0.301845
0.422198
0.632325
0.513253
-0.386033
-0.00180827
-0.71546
-0.636399
-0.703649
-0.215643
0.323041
-0.135255
-0.479331
-0.303081
-0.476813
0.367401
-0.547862
-0.66263
0.0384774
-0.21166
0.460149
-0.511742
0.599867
-0.552257
-0.706121
-0.47782
0.477179
-0.376144
0.106093
-0.229605
0.0599478
0.247414
0.556194
0.648851
0.667987
-0.592176
-0.52012
0.0870033
0.450444
0.592772
-0.641206
0.558529
0.48368
-0.167529
0.0732238
0.257988
-0.0735443
-0.327893
0.674258
0.723288
0.342131
0.142259
-0.341398
-0.552028
-0.453053
0.150819
-0.0189296
-0.21697
-0.405077
-0.0322972
0.287745
0.67229
0.256752
0.723929
-0.393678
0.0203946
-0.396241
0.597121
-0.023416
-0.260277
0.0562855
0.106231
-0.24517
-0.227728
-0.496132
-0.314709
-0.421054
0.634293
0.359572
0.460561
0.225714
0.2801
-0.344832
0.400362
-0.653337
0.3327
0.538661
-0.237617
-0.683414
-0.0235076
-0.718802
0.507348
0.177829
0.0609092
0.15613
0.103072
0.41611
0.210103
0.295161
0.38997
0.552074
-0.512978
-0.1147
0.429752
-0.71784
-0.0924053
-0.686756
0.00949924
-0.346068
-0.647569
-0.382691
0.723151
0.00972804
0.173343
-0.643449
-0.198704
0.683368
0.540171
-0.243751
-0.387131
-0.31567
-0.673526
0.739128
-0.491279
-0.646608
-0.419772
-0.298595
0.430347
0.224478
-0.624451
-0.355819
-0.545253
-0.423663
0.0939159
-0.482581
0.198476
-0.589613
-0.0693783
0.388322
-0.249245
-0.663866
-0.326199
0.291499
0.559948
0.101424
0.552806
-0.628159
0.443165
0.749565
0.20255
0.178333
0.142213
0.139741
-0.458593
0.71839
-0.402696
-0.686527
-0.391389
-0.367263
-0.139741
0.442478
-0.341261
0.600142
-0.180805
0.341398
-0.440235
-0.67055
0.156908
-0.218985
-0.208089
0.25222
0.714132
-0.414507
0.593733
-0.229514
0.680347
0.247734
-0.447468
-0.326428
-0.216787
0.0480452
-0.313473
-0.420001
-0.600554
-0.589887
0.314068
0.515771
0.257851
0.478781
-0.741325
-0.0129326
0.157
0.653063
-0.314022
0.158785
0.370422
0.560818
0.618408
0.495216
0.158922
-0.292643
0.42641
-0.524789
0.0639764
0.283625
-0.158007
0.73986
-0.597075
0.0219549
-0.414929
0.685707
0.113896
0.00354788
0.0685286
-0.0619583
0.837268
0.549514
-0.678562
-0.179618
-0.959636
0.287421
-1.09801
-0.401735
0.218369
-0.293608
0.274158
-0.291411
-0.145234
0.0247933
0.531738
0.889607
1.14338
0.174716
-0.271107
0.57895
-0.381922
0.388646
-0.117034
0.527303
-0.1379
-0.853167
-0.603916
-0.739127
-0.290786
0.0581586
-1.03659
-0.746593
-0.158327
-0.18016
0.0191032
0.890935
1.00586
0.217337
0.0220627
0.501583
0.247541
0.897253
-0.100096
-0.351748
-0.415688
-0.577165
-0.354831
0.0666774
-0.719371
-0.564392
0.382746
-0.140752
-0.12207
0.317002
0.709087
-0.219988
-0.0476589
0.0619163
-0.143429
0.130452
0.251661
0.348269
-0.250801
-0.785506
-0.122061
-0.940239
-0.804429
-0.0124748
-0.566881
0.337183
-0.712429
-0.74348
0.0285433
-0.198563
-0.445052
0.518934
0.881429
-0.0886971
1.17941
0.208688
0.89994
0.187126
-0.415972
-0.450539
-0.326144
-0.688545
-0.60387
-0.102843
0.0369467
-0.570801
-0.402641
0.181808
0.352431
-0.45836
-0.333488
0.784178
0.99606
0.706762
0.265013
0.367084
-0.31449
0.0274942
-0.467428
-0.389791
0.326255
-0.810501
-0.760023
-1.01856
-0.713191
-0.881047
-0.635428
-0.595568
-0.491279
-0.0925387
-0.357934
0.407415
1.17112
0.963949
0.395254
1.02406
-0.187178
0.12743
-0.0418192
0.144407
-0.670953
0.250614
-0.809327
-0.800655
0.00819732
0.0750053
-0.0989879
0.288153
-0.739173
-0.204011
-0.0217776
1.08403
1.01478
0.526209
0.786849
0.0388017
0.925531
0.141439
-0.609664
0.334527
-0.928827
-0.730525
-0.649695
-0.285044
-0.452845
-0.507168
-0.832782
0.558021
-0.638047
-0.742195
0.622253
-0.132462
0.383057
-0.468481
-0.597395
-0.115249
0.266961
0.0411784
0.486381
0.505837
-0.342726
-0.0007096
0.555736
-0.526483
0.706258
0.0576131
-0.418948
-0.649858
-0.443028
-0.453374
-0.460607
-0.450673
0.685245
0.14029
0.358245
-0.308391
0.269799
0.429248
0.63205
0.642717
0.516549
-0.361495
-0.59181
-0.657137
0.605727
-0.52749
0.589201
-0.210836
0.685108
-0.1776
-0.25277
0.276895
0.581372
-0.179798
-0.10005
0.262017
-0.349318
-0.025705
0.0418192
0.453145
0.441242
0.369552
-0.0199368
0.491737
0.0886055
-0.331784
-0.229193
-0.668765
0.616943
0.39441
-0.197239
-0.326383
-0.433094
-0.263116
-0.674762
0.572491
-0.37674
-0.144227
-0.532663
0.562969
0.162218
0.42554
-0.454701
-0.0723997
0.392717
-0.0999588
0.204747
0.456899
-0.488303
-0.111446
0.988752
0.718668
0.0218796
1.04438
-0.203491
0.769391
-0.402019
-0.399213
-0.626419
-0.075425
-0.190409
-0.354953
-0.897177
-1.1342
-0.768584
-1.0578
-0.42695
-0.703927
-0.372436
0.635533
0.3071
0.0576169
1.20751
1.12486
-0.0918357
0.0811932
0.60439
0.11095
-0.307842
-0.387502
-0.256193
0.0622329
-0.44964
-1.14899
0.0183602
-0.322861
-0.888404
-0.140111
0.670092
0.334714
-0.0390725
-0.0729949
0.628388
0.0733153
-0.202046
0.576611
0.239631
-0.566174
0.0111472
-0.581327
-0.330274
0.0697446
0.436985
-0.196187
0.537241
0.366577
-0.0541797
-0.21047
-0.0868202
0.128937
-0.1814
0.198109
0.0864539
-0.0260712
0.505059
-0.471411
-0.735419
-0.586088
-0.689045
-0.4173
-0.366027
-0.134522
0.311458
-0.0858588
-0.55038
0.0661279
0.535227
0.460012
-0.422565
0.790312
0.0139759
-0.130627
0.63587
-0.234549
1.15894
0.460428
0.124258
-0.576882
-0.394365
0.424117
-0.155159
-0.92559
-1.20069
-0.447148
0.149609
-0.175361
-0.707164
-0.296126
0.698796
-0.449845
0.143302
0.413733
0.228527
0.242652
0.663703
0.0306987
-0.0211367
0.204843
0.598082
-0.187355
-0.551606
-0.142583
-0.534973
-0.375824
-0.606342
0.229006
-0.862401
0.0926303
-0.526941
-0.378891
-0.582609
-0.596937
0.284311
0.489723
-0.0138482
-0.0693325
0.2302
-0.122207
0.20992
-0.601149
0.495949
-0.197011
0.566998
0.0300998
0.693486
-0.157915
0.338606
0.195958
-0.18877
0.470175
0.528909
-0.65407
0.365432
-0.206395
-0.396562
0.478507
0.425632
-0.339063
0.0948773
-0.487891
-0.56361
0.385712
-0.129257
-0.330823
-0.493522
0.0663569
-0.388093
-0.272043
-0.412356
0.391622
0.591572
0.659933
0.690576
-0.165927
0.219829
1.08293
0.0249629
-0.134015
-0.505516
-0.351656
-0.629202
0.287237
-0.871175
-0.858748
-0.288223
-0.0203984
-0.169625
-0.497967
0.31828
-0.0886017
0.615148
-0.313103
0.776412
0.696095
-0.0848773
0.73437
0.115285
0.190468
0.54626
-0.016553
-0.301103
-1.10829
-0.217814
-0.419726
-0.701105
-0.295577
0.102578
-0.870517
-0.749016
0.070477
0.372162
-0.326611
0.441105
0.502907
0.335767
-0.305278
0.0580251
-0.141572
-0.597304
-0.165881
-0.604903
0.252358
-0.50721
0.286463
0.256203
0.357833
0.582425
0.384934
0.104308
-0.352568
-0.582792
-0.349272
0.350234
0.716284
-0.0181056
-0.4276
0.451863
0.169406
-0.227179
-0.0260255
0.747826
-0.189457
0.672061
-0.41904
0.195454
0.113601
-0.531656
0.644914
-0.0630608
0.368045
-0.383112
0.638188
0.839175
-0.100005
0.7017
-0.0460729
-0.104546
0.502773
0.741874
0.226717
0.296132
-0.332979
0.112208
0.0533557
-0.301545
-0.074601
0.05277
-0.676597
0.384385
-0.366298
0.151039
0.576295
0.800766
0.995033
1.05466
-0.249882
0.136069
0.309997
-0.017831
-0.227412
0.0988697
-0.286284
-0.721889
-0.375366
-0.684991
-0.0298289
-0.921685
-0.761014
0.745674
-0.528768
0.138953
-0.183181
0.34801
0.400911
0.130147
0.334077
-0.118601
-0.203462
0.212667
0.435196
0.274616
-0.480479
-0.607945
-0.901872
0.221162
-0.0453939
-0.53128
0.180114
0.155123
0.336732
0.885291
0.678291
0.079012
-0.0867744
0.52307
0.727824
0.395866
-0.572808
0.0164118
-0.216791
0.412457
0.180023
-0.171898
-0.881226
-1.07018
-0.754467
-0.34441
0.0056957
-0.676364
-0.0161791
-0.281117
1.15183
0.835467
-0.188725
-0.267857
0.674949
0.978589
0.464502
0.376373
-0.692849
-0.0264278
-0.235332
-0.230999
0.214086
-1.11884
0.206666
0.248156
0.0382905
0.58357
0.267286
-0.227784
1.0025
0.586428
0.144456
-0.0112186
0.592501
0.795426
0.409979
0.53802
-0.231669
0.430631
-0.164282
-0.16233
-1.16263
-0.0015079
-0.0340864
0.417401
0.348582
-0.278772
-0.41899
-0.147808
0.0922259
1.14727
1.0138
0.100208
-0.0215811
0.84322
0.0508874
-0.44138
0.488666
0.0861431
-0.569474
-0.663383
-0.412997
-0.279387
0.257161
0.0605525
0.199616
-0.166888
0.229838
1.0143
0.596529
0.217082
0.395097
0.666588
0.698067
0.279129
0.407141
-0.347441
-0.747372
-0.946085
-0.944817
-0.54454
-0.97956
-0.25572
0.130718
-0.644721
0.321938
0.187397
0.625275
-0.596571
-0.368682
-0.00423462
0.301753
0.30624
-0.585584
-0.191975
-0.0272615
0.691609
-0.601698
-0.068188
-0.610213
0.0311528
-0.26101
0.43584
0.486289
0.35678
0.0959759
-0.672381
-0.468939
0.736381
-0.10916
0.215185
0.332197
0.601195
0.514489
0.623077
-0.0254761
-0.0302371
0.341307
0.386628
-0.17403
0.366989
-0.338972
-0.205617
-0.703145
0.483451
0.386903
-0.0979445
-0.413546
-0.626282
-0.351378
0.188587
0.400957
-0.260735
-0.367904
-0.0225005
0.377884
0.0929546
-0.228095
0.29452
0.700764
-0.147432
-0.34094
0.583387
0.138596
0.159975
-0.228919
0.452184
0.494712
0.472555
-0.114837
-0.628067
0.198659
0.723883
0.283075
-0.00103
-0.473563
0.100966
-0.392396
0.543055
-0.316586
0.734412
0.479972
-0.146196
-0.267373
-0.151964
0.236427
0.646379
0.605864
-0.333433
0.395555
0.0386147
0.67847
0.625595
0.21372
-0.678104
-0.354628
-0.316998
0.43877
-0.362869
-0.319424
-0.222098
0.621658
0.477774
-0.384888
-0.266732
-0.405214
0.691838
-0.38173
0.650453
0.477042
-0.594877
0.115936
-0.408922
-0.186024
-0.46285
0.430713
0.595152
-0.286097
-0.668719
0.378113
0.328992
0.0877815
0.0719419
-0.197056
-0.585859
-0.646654
0.409746
-0.709096
-0.269754
-0.28747
-0.532526
0.0389352
-0.259133
0.361129
0.147798
0.119369
0.638871
0.24073
0.314755
0.121979
-0.642304
-0.307842
-0.728049
0.408327
0.746223
0.119369
-0.292094
-0.0372872
-0.547542
0.0234618
-0.469122
0.074414
-0.184101
0.0164576
0.266046
0.334943
0.31155
0.173755
-0.564938
0.68552
0.346022
-0.665423
-0.408053
-0.00171676
-0.549464
0.710973
-0.0649377
0.581514
0.462291
0.816635
0.644476
1.00913
0.158714
1.15165
0.830401
-0.0887391
-0.514031
-0.742931
0.400554
0.313835
-0.34888
-1.07922
-1.12278
-0.658056
-0.446497
-0.258175
0.351698
0.611407
0.43899
0.971735
0.571092
1.11108
0.0344232
-0.00162131
-0.187407
0.0636598
-0.269387
-0.579316
0.208282
0.0210775
0.0587374
-0.652879
-0.5607
0.268697
-0.972317
0.278173
-0.299052
0.0292758
-0.418536
0.25309
-0.315441
-0.491279
0.558391
-0.0414531
0.51426
0.617721
0.127976
-0.51101
-0.0809147
0.273096
0.476813
0.723151
0.698247
0.0217222
-0.617996
-0.673892
0.115341
0.543834
0.139054
0.155077
0.120834
-0.325467
0.433002
-0.169223
0.572491
-0.57066
0.702001
-0.663363
-0.122894
-0.234183
-0.212118
-0.747001
-0.274377
-0.432636
0.422839
-0.0138024
-0.658281
0.58357
-0.153566
0.102934
-0.0821049
0.309902
0.102889
0.127701
0.15938
-0.45667
-0.187122
0.414095
0.608794
0.0964796
0.468206
0.448384
0.672427
0.405306
-0.454289
0.195042
0.020944
0.515038
0.487754
0.343824
0.286005
0.17815
-0.155168
0.567639
0.724249
0.0493728
-0.370468
0.150133
0.271219
0.211248
0.676089
0.0934124
-0.343
0.0153131
-0.446003
0.564022
-0.49517
-0.526437
0.333204
0.287333
0.0852637
0.183277
0.744758
0.749977
0.14734
0.020944
0.0378365
-0.681446
0.499016
0.589063
0.076703
-0.364471
-0.741966
0.649995
0.476309
-0.600233
-0.553722
0.531794
-0.177555
0.393541
-0.652101
-0.26014
-0.725714
-0.637315
-0.195225
-0.740592
-0.404802
0.111953
0.369735
-0.217932
-0.0908487
-0.577847
0.490547
-0.157824
-0.270166
0.651506
0.145784
0.0966169
0.559124
0.127197
-0.395372
-0.267556
-0.398851
0.190235
0.233176
0.236793
0.390702
-0.000526444
0.0172816
-0.486655
-0.120147
-0.0434673
0.72663
0.580594
-0.716741
-0.640061
-0.611083
-0.165881
-0.274194
0.648485
0.498558
0.110305
-0.00867515
-0.157915
0.62967
0.0329839
-0.581052
0.541499
-0.123077
0.379303
0.74366
-0.406725
-0.704702
-0.0519365
-0.5724
-0.216787
-0.239585
0.820527
-0.425458
1.06796
0.897406
0.915057
0.88999
0.780653
0.46513
-0.529409
-0.670733
-0.0734107
0.00268765
-0.951501
-0.795868
-0.152788
-0.730358
-0.632924
-0.279175
0.462755
0.667025
0.792006
0.835941
0.509869
1.13518
0.787699
0.18554
1.14093
0.181619
0.815033
0.157091
-0.167899
-0.795426
-0.067551
-1.15208
-0.764764
-0.471339
-0.825105
-1.02071
-0.668357
0.0552325
-0.144178
0.816988
0.473475
0.249585
-0.248146
-0.099664
0.0832075
0.366796
-0.594278
0.398576
-0.7899
0.332527
0.0546335
-0.912376
-0.674533
-0.55365
0.00807631
0.267291
0.468248
0.0580709
0.370884
-0.0812905
0.573914
0.690805
0.820798
1.15615
0.509961
-0.238405
-0.074456
0.537699
0.262975
0.0675109
0.258351
-0.0158369
-1.08677
-1.04825
-1.1164
0.37002
-0.243984
-0.445729
0.206304
-0.45342
-0.251763
0.391069
0.223517
0.68108
-0.519021
0.201222
-0.483497
-0.115707
-0.634614
-0.15819
0.38411
0.400636
0.497551
0.288065
-0.139466
-0.00222027
0.211431
-0.62468
-0.323773
-0.476492
-0.402513
0.181903
-0.700948
0.718618
-0.249382
0.721594
0.0411784
-0.66643
0.106917
-0.128617
-0.534266
-0.153154
-0.521173
-0.296535
-0.422107
-0.671374
-0.352065
0.144502
0.6885
0.0450142
0.529051
1.1095
0.853987
-0.23604
0.838289
0.49745
-0.474383
-0.594603
-0.11713
-0.144538
-0.501125
-1.1946
-0.249153
0.242724
-0.523969
-0.930337
-0.390019
0.481345
-0.433319
0.899345
0.533629
0.791153
0.0304203
0.647269
-0.281332
-0.0405013
0.246044
0.173343
0.0447911
0.21405
-0.333253
-0.257825
-0.392945
0.213151
-0.666342
-0.967098
0.0831998
-0.442158
0.439411
0.518106
-0.385529
0.571301
-0.017419
0.0945568
0.398851
-0.718664
0.349455
-0.0570179
-0.314755
-0.109389
0.224387
-0.615203
0.635255
-0.712392
-0.426868
0.378159
0.0588491
-0.261193
-0.744529
0.616851
0.304821
-0.342955
0.406588
-0.675678
-0.433414
-0.380448
0.0707975
-0.711477
-0.534128
0.0564228
-0.17609
-0.0652582
0.520807
-0.717932
-0.134156
-0.516824
0.359756
-0.208455
-0.0256096
-0.216797
0.194634
0.468272
0.222647
0.287445
0.484645
0.591572
0.0929584
-0.192845
-0.590349
0.449859
-0.921744
-0.680321
-0.568875
-0.908576
0.0854428
0.302038
0.149534
-0.100233
0.462259
-0.025211
0.37624
-0.0104405
0.455342
0.214335
0.285551
-0.423856
0.0816052
-0.299785
-0.405905
-1.01544
-0.32657
0.044134
-0.0968
-0.28511
-0.330552
-0.0327912
0.561272
-0.0348608
0.642808
0.284495
0.228598
0.360351
0.608245
0.0789919
-0.15819
-0.178058
0.443394
-0.458547
-0.333295
-0.638368
-0.17316
-0.254692
-0.0945111
-0.645143
-0.0640221
-0.00199142
-0.632966
0.431492
-0.537928
0.233268
0.477545
-0.11882
-0.418582
0.535227
0.395418
-0.254326
-0.633057
-0.658968
-0.409334
0.0190213
-0.125458
0.119919
-0.00281542
0.628159
-0.111541
-0.426959
0.0973494
0.615753
0.215189
0.448558
-0.0463934
0.672539
0.427738
0.933434
0.118824
0.406486
0.19468
0.264535
0.543051
-0.845051
-0.716013
-1.17117
-1.2448
-0.627492
-0.944313
-0.772216
0.030096
-0.719946
0.766965
0.688944
0.955163
0.273024
0.49398
0.583361
0.266599
0.73985
-0.343363
-0.383423
-0.0995048
-0.542542
-0.0969412
-0.562211
-0.107421
-0.518629
-1.07254
-0.265029
0.48775
-0.0699277
0.214132
-0.425265
-0.362136
0.412905
0.745903
-0.12999
-0.412447
-0.463125
0.515862
-0.0507004
0.235557
-0.725623
-0.257348
-0.499611
0.737983
0.748329
0.033167
0.526895
-0.637772
0.0718962
0.549785
0.283259
-0.131089
0.141435
0.321576
0.279779
-0.314846
0.551982
0.183139
-0.0970747
0.230109
0.559627
0.0757874
-0.55038
-0.499519
-0.238578
0.195546
0.620971
-0.222876
-0.0851263
0.221869
-0.727591
-0.440235
0.0688747
0.612228
0.469213
-0.408007
0.428333
0.196095
-0.359847
-0.416567
-0.376419
0.0535845
0.380997
0.490226
-0.692341
0.412173
0.700627
-0.538065
-0.748054
0.546351
0.259224
-0.18433
-0.137086
0.415194
-0.60559
0.644731
-0.208272
0.520852
0.482352
0.423389
-0.441517
0.223608
0.430027
0.215872
0.363097
-0.0028612
-0.152422
0.349043
0.00395987
0.358611
-0.304912
0.158373
0.577939
-0.0420939
0.452184
0.666751
-0.118545
0.56068
0.106871
0.304912
0.68639
0.408877
0.0111472
0.0336248
-0.688908
0.193989
-0.101241
0.476538
-0.339613
0.126877
0.113692
-0.0773439
0.653795
0.338422
-0.154848
-0.190922
0.215963
-0.404299
0.416293
-0.457952
-0.249016
0.0684169
-0.57652
-0.733451
-0.228781
-0.371292
-0.226538
-0.0566975
0.603301
0.574784
0.207897
0.247188
0.819124
0.679706
0.282088
-0.280004
-0.221558
-0.299552
-0.563473
-0.705529
-0.410423
-1.0638
-0.0664685
-0.0317478
-0.479671
-0.349184
-0.868444
0.337183
-0.454198
0.182365
0.984174
0.905676
1.03017
0.545161
0.517119
0.0390763
0.193018
0.508587
-0.643907
0.00716059
-0.970852
-1.08852
-0.95376
-0.248924
-0.903769
0.285406
0.233781
-0.264813
0.073178
-0.223379
0.466329
-0.437946
-0.663775
0.411303
-0.503456
0.550243
-0.510552
0.035456
0.563015
-0.0373329
-0.369552
-0.664553
-0.581189
-0.14702
-0.590803
0.680393
0.749931
-0.464407
0.516778
-0.656267
0.445546
-0.539759
0.500298
0.745033
-0.685657
-0.747551
-0.421695
0.192158
0.291041
0.281427
-0.123947
0.363372
0.430667
-0.137589
-0.246498
0.00931604
0.239036
-0.544474
0.148714
0.766187
-0.0720889
0.872715
0.582446
0.982352
0.561433
-0.0741355
0.212703
0.691796
0.233314
0.135434
-0.755461
-0.174995
-0.453989
-0.725439
-0.271925
-0.0286387
0.366403
0.461977
-0.0699735
0.515683
0.741498
0.21734
0.277373
0.955526
-0.267765
-0.151869
0.0232692
-0.118084
-0.266595
0.113689
0.302999
-0.115848
-0.476284
-0.699116
-0.00388845
-1.05057
0.115671
0.572396
0.296535
-0.494388
-0.0448961
0.669089
1.21365
0.064892
0.27394
-0.258626
-0.0950242
-0.296164
-0.0875984
0.504734
-0.240903
-0.11095
-0.892874
-0.396974
-0.607075
-0.0302867
-0.937799
0.291907
0.717382
0.234737
0.105076
-0.226763
0.542389
0.74311
0.479351
0.705209
0.374349
-0.0875946
-0.157732
-0.667624
-0.928872
-0.87537
-0.788269
-1.1266
-0.226741
-0.0790416
-0.0691399
0.0219473
0.510323
-0.721914
0.408053
0.243889
0.732764
-0.492332
-0.484046
0.567822
0.703237
0.112502
-0.375412
0.557888
-0.469809
0.504051
-0.461935
-0.0650293
-0.0992721
-0.176502
0.477225
-0.145967
-0.35147
-0.0764283
-0.429019
0.115844
-0.443577
0.150224
0.449574
0.57739
0.0631523
-0.091627
0.483588
0.619232
-0.702001
0.246544
0.468847
0.280558
-0.38585
-0.556102
-0.698384
-0.0800907
0.542826
-0.664736
-0.0574757
0.512475
0.340345
-0.642854
-0.285685
-0.0587118
0.550151
-0.449757
0.233176
-0.60559
-0.249382
0.00217453
-0.483039
0.22489
-0.588056
-0.0347693
0.070477
-0.615981
0.533167
0.633057
-0.00785115
-0.211889
0.480567
-0.189045
-0.599226
0.22608
0.201543
0.464452
-0.271905
0.669177
-0.266778
0.379441
-0.325604
-0.408831
-0.320797
-0.0801822
-0.125549
-0.340986
0.075879
-0.384385
0.570019
-0.0977156
-0.679523
0.566861
-0.164187
-0.277902
-0.417529
0.396882
0.656862
0.348128
0.369964
0.740455
-0.0977156
0.603072
0.173389
-0.500481
0.494392
-0.415743
-0.141435
0.353255
0.318142
0.121841
0.730109
-0.746544
0.66936
0.122116
-0.0620995
-0.106047
-0.212621
0.156496
0.148347
-0.116256
-0.729788
-0.595244
0.151643
-0.387498
-0.582471
-0.68758
-0.171878
-0.460241
-0.700169
0.570935
-0.355681
0.393541
0.100096
-0.719488
-0.398439
0.512475
0.524377
-0.594236
0.308208
0.316311
-0.6711
-0.618499
0.598128
0.638184
-0.239402
-0.0198911
0.366806
0.40352
-0.543605
0.298732
0.0470839
-0.109389
-0.39908
0.476035
-0.603392
0.0561939
0.386628
0.49778
0.518335
-0.339567
0.0751007
0.20081
-0.213674
0.177188
0.706029
0.334257
0.599501
0.876103
0.543732
-0.307335
0.608402
0.981482
0.227657
0.752957
0.30536
0.040175
-0.734046
-0.0675967
-0.21838
-0.4103
0.143749
-0.752266
-0.814317
-0.0603178
-0.480511
-0.417624
0.0676387
0.891027
0.895637
-0.0187427
0.107487
0.197194
1.01803
-0.162581
0.879339
-0.24741
0.574963
-0.0799571
-0.683176
0.266225
-0.561158
-0.12413
-1.20124
-0.506207
0.0197633
-0.434883
0.253777
-0.325097
-0.218445
0.31572
0.00883256
1.13379
1.2234
0.866947
-0.216934
0.278593
0.643312
-0.299102
0.24225
-0.990505
-0.819582
-0.85504
-0.218135
-0.644231
0.452468
-0.145055
0.190327
0.239406
0.589969
0.513303
0.164024
1.0756
1.22148
-0.235461
0.827655
-0.30706
-0.0261628
-0.665289
-0.075961
-0.165885
-0.263411
-0.0315647
0.0931176
-0.192849
0.254794
0.544013
0.638734
-0.563515
-0.395427
0.950677
1.00842
0.771448
0.852542
0.499477
0.386069
-0.213716
0.215322
0.564751
-0.684686
0.0835202
0.217545
-0.658922
-0.480221
-0.0807354
0.162777
0.324548
0.571667
-0.550147
-0.278782
-0.147382
-0.118205
-0.0918559
1.18572
0.225489
0.663216
0.19381
-0.537516
-0.646017
0.033085
0.137082
-0.455317
-0.429203
-0.827456
0.00844235
-0.467327
-0.538573
0.443348
0.420234
-0.243669
0.802627
0.18522
0.57977
0.299347
-0.122982
0.596836
-0.37083
0.743385
0.363231
0.114022
-0.920234
-0.872228
-0.315945
-1.045
-0.335359
-0.556825
0.423614
0.482627
0.504513
0.458492
0.146566
-0.143978
0.797999
0.936135
0.142263
0.625357
0.519391
-0.198979
0.53971
-0.0666678
-1.11667
-0.490246
-1.07126
-0.756818
-0.3501
0.186949
-0.153478
-0.507393
0.414237
0.0808135
-0.287466
-0.102731
-0.157549
0.640722
0.486156
-0.194365
0.58774
0.0325261
-0.758587
-0.978818
-0.105593
-0.91114
0.0455273
0.259754
0.214174
-0.988889
-0.752133
0.391847
-0.270253
-0.375147
1.01729
0.945154
0.49604
0.241116
0.145284
0.516448
0.682594
-0.309353
0.0669024
-0.238889
-0.322495
-0.722667
-0.771173
-0.623555
-0.375599
-0.783157
-0.332109
-0.519616
-0.11589
-0.679615
0.477545
-0.367126
-0.537058
-0.694172
0.361999
0.436481
0.242652
0.711202
0.467016
0.497597
-0.585813
0.681492
0.451634
-0.194355
-0.640244
-0.730567
0.310634
0.166842
0.538615
0.714636
-0.274698
0.590025
0.516686
-0.709096
0.205754
-0.703557
0.124588
-0.72782
-0.615249
-0.223746
0.477408
-0.690785
0.572674
-0.43877
-0.658877
-0.232718
-0.0683254
-0.361175
0.735515
-0.385173
0.285094
0.151938
0.673526
0.82741
0.992107
0.773773
0.175132
-0.0523943
0.00702326
-0.437204
-0.858615
-0.927575
-0.098677
-0.168556
-0.59392
-0.75862
0.556785
-0.287333
0.286742
0.110112
-0.0515206
0.42405
-0.0596731
0.167183
-0.117397
0.378836
0.508816
0.061367
-0.86301
-0.187525
-0.688042
-0.714793
0.139192
-0.660087
-0.837557
-0.718014
0.539847
-0.653978
-0.208135
-0.26513
-0.136262
-0.543513
0.43172
-0.0792666
0.434788
0.524698
0.382737
-0.395601
-0.23519
-0.0826085
-0.523416
0.24366
0.372253
0.155764
-0.327573
-0.355178
0.0376076
0.548137
0.344923
-0.46491
-0.72457
-0.287516
-0.095976
0.141252
-0.214452
-0.338926
0.2302
-0.178241
-0.257485
-0.132416
0.658877
0.550609
0.0343115
0.490135
0.499611
-0.202916
0.308071
0.171191
-0.0219015
-0.104867
0.837282
0.562257
0.00423461
0.365361
0.142995
-0.0401808
0.899313
-0.669818
0.487064
-0.139685
0.173156
-1.20559
-0.485786
-0.535522
-0.334306
-0.736417
0.255009
-0.680805
0.875187
0.0858492
0.904119
0.592563
0.278498
-0.226106
0.241695
0.134558
0.62949
0.375641
-0.354174
-0.00990159
-0.508633
0.137661
-0.671878
-0.219325
0.0791254
-0.469387
-0.845888
-0.143632
0.400362
-0.106231
-0.272684
-0.533945
-0.261193
0.581784
-0.564709
-0.118911
0.313519
-0.410937
-0.352431
0.255059
0.0176936
-0.0766115
0.529825
0.276437
-0.0200284
-0.133561
-0.0167781
0.250755
0.00524173
0.0893838
-0.512383
-0.490089
0.534083
0.211614
-0.388963
0.320706
0.104949
-0.148302
0.0455274
-0.286234
0.554134
0.465688
0.27923
0.406084
-0.0632897
0.520578
-0.736747
0.737296
0.558853
0.0936317
1.08788
-0.231416
1.02264
-0.137249
0.0989097
-0.0690675
-0.581552
-0.372894
-0.424491
-0.471676
0.255146
0.130153
0.242973
-0.370259
-0.560135
-0.341114
-0.166114
0.0345404
-0.365062
0.30385
1.11324
0.809739
0.292826
0.136099
-0.267186
0.549592
0.856097
-0.629074
0.365062
-0.474514
-0.619602
0.262272
0.247047
0.141872
0.15402
0.295445
-0.00300233
-0.400224
-0.0421359
0.231152
0.286742
-0.00801412
0.429157
-0.198318
0.140477
0.729458
0.259549
-0.622986
-0.44056
0.217483
-0.260281
0.0965053
-1.14533
-0.0524602
-1.02933
-0.216411
-0.201821
0.655993
0.639836
0.945857
0.926826
0.0232988
1.06947
-0.0888144
0.520353
-0.434935
0.524885
0.169452
0.201539
0.380869
0.038199
-0.337527
-0.708776
-0.321367
-0.177696
-0.406761
-0.721094
-0.52424
0.266183
0.509179
0.588422
-0.275842
-0.44788
0.545115
-0.663088
-0.704885
0.231849
-0.700352
-0.722876
0.107238
-0.338148
0.61676
0.386628
-0.0478163
0.0439251
-0.0894754
0.614013
0.657366
0.625092
-0.497917
-0.440189
-0.518655
-0.301662
0.554958
0.355406
-0.58476
-0.112548
0.158922
0.598906
-0.189686
0.449712
0.358291
-0.0407663
0.00533329
0.0820591
0.670825
0.305736
-0.125229
-0.0349982
0.395097
0.473562
-0.0306949
0.527078
0.252998
0.52456
0.171557
-0.333845
-0.336408
-0.387635
-0.462209
-0.588697
0.196095
-0.68845
0.74865
0.258858
-0.502037
-0.480201
-0.660754
0.667849
-0.253548
0.292735
0.132874
0.449437
-0.0820591
-0.279138
0.546718
0.0336706
0.425082
-0.291911
-0.304592
0.349089
-0.0843023
-0.739677
-0.038752
-0.201543
-0.717199
0.644914
-0.0457105
0.720545
0.474514
0.933418
0.00956507
0.23986
0.0699478
0.861453
-0.39149
0.138829
-0.738532
-0.377842
0.0311623
-0.158056
-0.486584
-1.12775
-0.72903
-0.67353
-0.627829
0.160155
0.3994
-0.217058
-0.187956
0.692711
0.375569
0.330228
0.373555
0.807754
-0.0445298
0.770215
0.662676
-0.401098
-0.635657
0.140607
-1.0439
-1.17183
-0.84856
0.138593
-0.519149
-0.0162783
-0.372803
-0.438629
0.418069
1.06938
0.106159
0.223837
-0.0645056
-0.1038
0.357686
0.586641
-0.435062
0.574227
-0.32001
-0.894643
-1.08066
-0.91318
0.265522
-0.878071
0.0691133
-0.440102
0.0081716
0.694588
0.377096
1.05734
0.726101
0.57684
-0.153271
-0.0735861
0.450709
-0.17018
0.0489607
-0.859668
0.449355
-0.173942
-0.126485
-0.229834
-0.101764
0.217836
-0.326281
-0.0523982
0.106505
-0.137864
0.56123
-0.00199142
-0.45992
0.743385
0.234321
0.441838
0.0799534
0.227774
-0.684238
0.55331
0.298228
0.554912
-0.530329
-0.557613
0.30775
-0.693302
-0.0618248
0.168582
-0.177005
-0.0870491
-0.0367835
-0.336912
-0.670916
-0.668902
0.683506
-0.274698
-0.468893
0.386079
0.55418
-0.0486861
-0.494117
-0.497597
0.0859046
0.204564
0.727362
0.315899
-0.550197
0.4878
-0.61209
-0.604216
0.246132
0.325879
-0.311687
0.565396
-0.51838
0.518747
0.515771
-0.448064
0.555736
0.373489
0.18465
-0.0460309
-0.701817
-0.724112
0.160616
-0.74366
-0.140656
0.209875
-0.0607719
-0.11882
0.496315
0.0842108
0.00258653
0.506249
-0.445637
0.477088
0.52424
0.136674
0.689366
-0.343824
0.745537
0.164416
0.127884
-0.51481
0.194584
-0.601607
-0.486976
0.0748718
0.669864
0.456262
0.425256
-0.306739
0.135549
0.91849
0.0444488
0.367817
-0.083259
0.880451
0.592909
-0.204248
-0.500196
-0.00877055
-1.17034
-1.15759
-1.02907
0.294013
-0.427453
-0.163275
0.278726
-0.308937
0.628882
0.580049
-0.182158
-0.161028
0.395026
0.435707
0.986188
-0.542502
0.692158
-0.553543
-0.619268
0.312553
-0.418327
0.113738
-0.948725
-1.05629
-0.769057
-0.302398
0.710424
-0.214311
0.878515
0.624317
0.625066
1.13942
0.201883
0.769071
-0.409161
0.730754
-0.0936871
-0.684975
-0.595554
-0.636128
-0.972255
0.0710263
-0.4978
-1.00753
-0.230099
-0.643911
-0.0838903
0.104495
0.175439
0.288664
0.51982
0.130677
0.184991
0.998653
-0.283955
-0.138409
-0.350371
-0.788481
-0.766906
0.131085
-0.456141
-1.16135
-0.0542914
-0.660528
-0.0542616
0.431442
0.122848
0.462762
-0.163647
0.086
0.325304
0.006844
0.0208268
0.569291
0.854161
-0.357737
0.4878
-0.137502
-0.833606
-0.472605
-0.297104
-0.991874
-0.0733812
-0.357013
-0.844959
-0.131596
0.342543
0.535094
0.955424
0.130177
0.761625
0.674258
0.542206
0.578492
0.176446
0.417578
-0.44083
-0.41561
-0.191782
-0.669227
-0.847736
-0.556652
-0.316285
-1.05601
0.252505
0.421416
-0.392305
-0.0675471
0.60298
0.690968
-0.721731
-0.236747
0.414141
-0.646333
-0.019067
0.144136
0.620743
-0.260232
0.143724
0.676273
0.512933
-0.0515245
0.310177
-0.545619
-0.119964
-0.360396
0.666705
0.672153
-0.366348
-0.147294
-0.477774
-0.130127
0.499657
-0.381821
-0.0878273
0.311825
-0.173892
-0.279825
0.747688
0.724112
-0.694767
0.719809
0.683002
0.380585
-0.34561
-0.401552
0.122894
-0.730979
-0.445775
0.631409
-0.459096
0.323453
0.390794
-0.151231
0.53129
0.454976
-0.402422
0.696507
0.266183
-0.131546
-0.353896
-0.746727
-0.719854
-0.103484
0.479605
-0.383881
-0.246452
-0.663043
-0.561367
-0.689549
0.716604
0.0275361
-0.52511
-0.66231
0.346571
0.14203
0.199528
-0.283075
-0.22045
-0.557338
-0.436665
0.631134
0.608794
-0.526621
0.216329
0.0377449
-0.509225
0.426822
0.34181
0.352156
0.53303
0.171283
0.513848
0.0637017
-0.61795
0.171466
0.373718
-0.606002
0.187626
-0.21372
0.172427
0.356414
-0.139375
0.17966
0.476584
0.326016
-0.699391
-0.67229
0.0839818
-0.0195706
0.0118339
-0.642717
0.44637
0.719397
-0.718893
0.1993
0.145234
0.42348
-0.660525
-0.707402
-0.280649
0.161211
0.178379
-0.178287
0.388551
0.703694
0.443577
0.723013
0.472372
-0.0442913
0.0779847
-0.556286
0.0502427
0.164462
0.6353
0.189137
-0.340803
0.0125664
-0.0637475
0.139878
0.576749
-0.0428264
-0.510003
0.377014
-0.014306
0.423389
0.351515
0.496086
0.567593
0.210927
-0.162493
-0.35298
-0.678424
0.225211
-0.726996
0.482764
0.656404
0.389833
0.68964
-0.248924
0.550426
-0.648256
-0.352339
-0.484733
0.329358
-0.16199
0.105315
0.236427
-0.143861
-0.727774
0.00373098
0.702275
0.181034
0.0123832
0.493751
0.537791
-0.051616
-0.682865
-0.527582
0.280603
0.60765
-0.598082
-0.145646
-0.743477
0.22402
0.692341
0.747093
-0.260873
-0.0622368
0.635758
0.454564
-0.372299
-0.133103
0.179843
0.479193
0.128754
-0.498741
-0.222601
0.444905
0.173984
0.385254
0.526895
0.112868
-0.439411
0.634614
-0.192066
-0.0879189
0.70205
0.379751
0.426322
0.131658
0.391664
0.0996584
0.699761
0.662804
0.214044
-0.013482
0.103343
-0.40406
-0.306839
-0.387838
-1.24819
0.206604
-1.00776
-0.128424
0.429794
-0.485877
0.488353
-0.414105
0.0842604
0.413154
0.0260712
0.524031
0.649542
1.02666
0.33719
-0.590666
-0.351794
-0.550508
-1.1185
-0.84183
0.205113
-1.20161
-0.314667
-0.0834687
-0.168128
-0.0306491
0.666201
0.153475
0.663821
-0.649904
-0.0131157
0.195271
-0.654528
-0.0746429
-0.726126
-0.326062
0.25634
-0.446187
-0.398027
0.161898
0.0390726
0.476538
0.489036
0.132554
-0.557796
0.691883
0.457952
0.211889
-0.247505
-0.404482
-0.195088
0.312191
-0.418307
-0.443165
0.557659
0.693852
-0.632233
-0.646654
-0.641481
0.253502
0.699116
0.136262
-0.242744
-0.415881
0.320843
0.346892
0.801254
0.898567
0.838701
0.734203
-0.173297
0.281127
1.05075
0.35764
0.585176
-0.0918559
0.526388
-0.115835
-0.20672
-0.992673
-0.290125
-0.789917
-0.0767526
0.0317117
-0.741237
0.0949231
0.0539546
-0.0698457
0.5334
0.303559
0.590711
-0.224778
1.10413
0.409508
0.33568
-0.687717
-0.775663
-0.0754574
-0.329911
-0.321275
-1.09717
-0.826952
-0.581102
0.358346
0.434509
0.311138
-0.609023
-0.369415
0.570202
0.738624
-0.364471
-0.102431
-0.475714
-0.659838
0.249794
0.362823
0.00835462
0.337827
0.14148
0.334119
0.255791
0.309673
0.488486
0.289576
-0.452046
0.0152216
-0.547221
0.672198
0.517602
-0.0787173
-0.211111
-0.496315
-0.00565373
0.102934
0.329129
-0.634888
-0.247963
0.439732
0.0818303
0.53953
0.266275
-0.719992
-0.573727
-0.134522
-0.157778
-0.00478396
0.292922
0.891059
0.126652
0.0699478
1.23194
0.793442
0.436119
0.61794
-0.49599
-0.295207
0.519338
0.127482
0.283758
0.214844
-0.968298
-0.029479
-0.211664
-0.97543
0.432861
-0.639832
0.657507
0.636161
0.721415
0.755399
0.886857
0.83446
-0.123348
0.362401
0.801666
-0.469534
-0.547729
0.402065
-0.171836
0.210633
-0.542964
-0.442361
-0.363834
0.0588129
0.381863
0.00624884
-0.356459
-0.488349
0.0535387
0.279688
-0.0745971
-0.371979
0.51307
0.392625
-0.138505
-0.251625
-0.392488
-0.481482
0.425906
0.715826
-0.73812
0.271493
-0.638505
-0.702916
-0.562237
-0.270761
0.296946
-0.729102
-0.441838
-0.403063
0.443669
-0.228324
0.66199
0.68172
-0.140382
-0.062191
0.646791
0.100829
-0.488029
-0.339292
-0.289576
-0.10472
-0.375778
-0.519342
-0.650041
