1
6545
12825
18589
23604
27667
30617
32332
32745
31839
29650
26266
21824
16503
10517
4107
-2469
-8945
-15060
-20569
-25249
-28911
-31409
-32642
-32559
-31165
-28515
-24716
-19921
-14324
-8150
-1647
4923
11294
17209
22432
26750
29991
32024
32766
32188
30313
27217
23025
17905
12063
5736
-824
-7349
-13579
-19261
-24167
-28100
-30900
-32456
-32704
-31634
-29290
-25766
-21203
-15787
-9734
-3289
3289
9734
15787
21203
25766
29290
31634
32704
32456
30900
28100
24167
19261
13579
7349
824
-5736
-12063
-17905
-23025
-27217
-30313
-32188
-32766
-32024
-29991
-26750
-22432
-17209
-11294
-4923
1647
8150
14324
19921
24716
28515
31165
32559
32642
31409
28911
25249
20569
15060
8945
2469
-4107
-10517
-16503
-21824
-26266
-29650
-31839
-32745
-32332
-30617
-27667
-23604
-18589
-12825
-6545
1
6545
12825
18589
23604
27667
30617
32332
32745
31839
29650
26266
21824
16503
10517
4107
-2469
-8945
-15060
-20569
-25249
-28911
-31409
-32642
-32559
-31165
-28515
-24716
-19921
-14324
-8150
-1647
4923
11294
17209
22432
26750
29991
32024
32766
32188
30313
27217
23025
17905
12063
5736
-824
-7349
-13579
-19261
-24167
-28100
-30900
-32456
-32704
-31634
-29290
-25766
-21203
-15787
-9734
-3289
3289
9734
15787
21203
25766
29290
31634
32704
32456
30900
28100
24167
19261
13579
7349
824
-5736
-12063
-17905
-23025
-27217
-30313
-32188
-32766
-32024
-29991
-26750
-22432
-17209
-11294
-4923
1647
8150
14324
19921
24716
28515
31165
32559
32642
31409
28911
25249
20569
15060
8945
2469
-4107
-10517
-16503
-21824
-26266
-29650
-31839
-32745
-32332
-30617
-27667
-23604
-18589
-12825
-6545
1
6545
12825
18589
23604
27667
30617
32332
32745
31839
29650
26266
21824
16503
10517
4107
-2469
-8945
-15060
-20569
-25249
-28911
-31409
-32642
-32559
-31165
-28515
-24716
-19921
-14324
-8150
-1647
4923
11294
17209
22432
26750
29991
32024
32766
32188
30313
27217
23025
17905
12063
5736
-824
-7349
-13579
-19261
-24167
-28100
-30900
-32456
-32704
-31634
-29290
-25766
-21203
-15787
-9734
-3289
3289
9734
15787
21203
25766
29290
31634
32704
32456
30900
28100
24167
19261
13579
7349
824
-5736
-12063
-17905
-23025
-27217
-30313
-32188
-32766
-32024
-29991
-26750
-22432
-17209
-11294
-4923
1647
8150
14324
19921
24716
28515
31165
32559
32642
31409
28911
25249
20569
15060
8945
2469
-4107
-10517
-16503
-21824
-26266
-29650
-31839
-32745
-32332
-30617
-27667
-23604
-18589
-12825
-6545
1
6545
12825
18589
23604
27667
30617
32332
32745
31839
29650
26266
21824
16503
10517
4107
-2469
-8945
-15060
-20569
-25249
-28911
-31409
-32642
-32559
-31165
-28515
-24716
-19921
-14324
-8150
-1647
4923
11294
17209
22432
26750
29991
32024
32766
32188
30313
27217
23025
17905
12063
5736
-824
-7349
-13579
-19261
-24167
-28100
-30900
-32456
-32704
-31634
-29290
-25766
-21203
-15787
-9734
-3289
3289
9734
15787
21203
25766
29290
31634
32704
32456
30900
28100
24167
19261
13579
7349
824
-5736
-12063
-17905
-23025
-27217
-30313
-32188
-32766
-32024
-29991
-26750
-22432
-17209
-11294
-4923
1647
8150
14324
19921
24716
28515
31165
32559
32642
31409
28911
25249
20569
15060
8945
2469
-4107
-10517
-16503
-21824
-26266
-29650
-31839
-32745
-32332
-30617
-27667
-23604
-18589
-12825
-6545
1
6545
12825
18589
23604
27667
30617
32332
32745
31839
29650
26266
21824
16503
10517
4107
-2469
-8945
-15060
-20569
-25249
-28911
-31409
-32642
-32559
-31165
-28515
-24716
-19921
-14324
-8150
-1647
4923
11294
17209
22432
26750
29991
32024
32766
32188
30313
27217
23025
17905
12063
5736
-824
-7349
-13579
-19261
-24167
-28100
-30900
-32456
-32704
-31634
-29290
-25766
-21203
-15787
-9734
-3289
3289
9734
15787
21203
25766
29290
31634
32704
32456
30900
28100
24167
19261
13579
7349
824
-5736
-12063
-17905
-23025
-27217
-30313
-32188
-32766
-32024
-29991
-26750
-22432
-17209
-11294
-4923
1647
8150
14324
19921
24716
28515
31165
32559
32642
31409
28911
25249
20569
15060
8945
2469
-4107
-10517
-16503
-21824
-26266
-29650
-31839
-32745
-32332
-30617
-27667
-23604
-18589
-12825
-6545
1
6545
12825
18589
23604
27667
30617
32332
32745
31839
29650
26266
21824
16503
10517
4107
-2469
-8945
-15060
-20569
-25249
-28911
-31409
-32642
-32559
-31165
-28515
-24716
-19921
-14324
-8150
-1647
4923
11294
17209
22432
26750
29991
32024
32766
32188
30313
27217
23025
17905
12063
5736
-824
-7349
-13579
-19261
-24167
-28100
-30900
-32456
-32704
-31634
-29290
-25766
-21203
-15787
-9734
-3289
3289
9734
15787
21203
25766
29290
31634
32704
32456
30900
28100
24167
19261
13579
7349
824
-5736
-12063
-17905
-23025
-27217
-30313
-32188
-32766
-32024
-29991
-26750
-22432
-17209
-11294
-4923
1647
8150
14324
19921
24716
28515
31165
32559
32642
31409
28911
25249
20569
15060
8945
2469
-4107
-10517
-16503
-21824
-26266
-29650
-31839
-32745
-32332
-30617
-27667
-23604
-18589
-12825
-6545
1
6545
12825
18589
23604
27667
30617
32332
32745
31839
29650
26266
21824
16503
10517
4107
-2469
-8945
-15060
-20569
-25249
-28911
-31409
-32642
-32559
-31165
-28515
-24716
-19921
-14324
-8150
-1647
4923
11294
17209
22432
26750
29991
32024
32766
32188
30313
27217
23025
17905
12063
5736
-824
-7349
-13579
-19261
-24167
-28100
-30900
-32456
-32704
-31634
-29290
-25766
-21203
-15787
-9734
-3289
3289
9734
15787
21203
25766
29290
31634
32704
32456
30900
28100
24167
19261
13579
7349
824
-5736
-12063
-17905
-23025
-27217
-30313
-32188
-32766
-32024
-29991
-26750
-22432
-17209
-11294
-4923
1647
8150
14324
19921
24716
28515
31165
32559
32642
31409
28911
25249
20569
15060
8945
2469
-4107
-10517
-16503
-21824
-26266
-29650
-31839
-32745
-32332
-30617
-27667
-23604
-18589
-12825
-6545
1
6545
12825
18589
23604
27667
30617
32332
32745
31839
29650
26266
21824
16503
10517
4107
-2469
-8945
-15060
-20569
-25249
-28911
-31409
-32642
-32559
-31165
-28515
-24716
-19921
-14324
-8150
-1647
4923
11294
17209
22432
26750
29991
32024
32766
32188
30313
27217
23025
17905
12063
5736
-824
-7349
-13579
-19261
-24167
-28100
-30900
-32456
-32704
-31634
-29290
-25766
-21203
-15787
-9734
-3289
3289
9734
15787
21203
25766
29290
31634
32704
32456
30900
28100
24167
19261
13579
7349
824
-5736
-12063
-17905
-23025
-27217
-30313
-32188
-32766
-32024
-29991
-26750
-22432
-17209
-11294
-4923
1647
8150
14324
19921
24716
28515
31165
32559
32642
31409
28911
25249
20569
