0
0.254582
0.509165
0.763747
1.01833
1.27291
1.52749
1.78208
2.03666
2.29124
2.54582
2.80041
3.05499
3.30957
3.56415
3.81874
4.07332
4.3279
4.58248
4.83707
5.09165
5.34623
5.60081
5.8554
6.10998
6.36456
6.61914
6.87373
7.12831
7.38289
7.63747
7.89206
8.14664
8.40122
8.6558
8.91039
9.16497
9.41955
9.67413
9.92872
10.1833
10.4379
10.6925
10.947
11.2016
11.4562
11.7108
11.9654
12.22
12.4745
12.7291
12.9837
13.2383
13.4929
13.7475
14.002
14.2566
14.5112
14.7658
15.0204
15.2749
15.5295
15.7841
16.0387
16.2933
16.5479
16.8024
17.057
17.3116
17.5662
17.8208
18.0754
18.3299
18.5845
18.8391
19.0937
19.3483
19.6029
19.8574
20.112
20.3666
20.6212
20.8758
21.1303
21.3849
21.6395
21.8941
22.1487
22.4033
22.6578
22.9124
23.167
23.4216
23.6762
23.9308
24.1853
24.4399
24.6945
24.9491
25.2037
25.4582
25.7128
25.9674
26.222
26.4766
26.7312
26.9857
27.2403
27.4949
27.7495
28.0041
28.2587
28.5132
28.7678
29.0224
29.277
29.5316
29.7862
30.0407
30.2953
30.5499
30.8045
31.0591
31.3136
31.5682
31.8228
32.0774
32.332
32.5866
32.8411
33.0957
33.3503
33.6049
33.8595
34.1141
34.3686
34.6232
34.8778
35.1324
35.387
35.6415
35.8961
36.1507
36.4053
36.6599
36.9145
37.169
37.4236
37.6782
37.9328
38.1874
38.442
38.6965
38.9511
39.2057
39.4603
39.7149
39.9695
40.224
40.4786
40.7332
40.9878
41.2424
41.4969
41.7515
42.0061
42.2607
42.5153
42.7699
43.0244
43.279
43.5336
43.7882
44.0428
44.2974
44.5519
44.8065
45.0611
45.3157
45.5703
45.8248
46.0794
46.334
46.5886
46.8432
47.0978
47.3523
47.6069
47.8615
48.1161
48.3707
48.6253
48.8798
49.1344
49.389
49.6436
49.8982
50.1527
50.4073
50.6619
50.9165
51.1711
51.4257
51.6802
51.9348
52.1894
52.444
52.6986
52.9532
53.2077
53.4623
53.7169
53.9715
54.2261
54.4807
54.7352
54.9898
55.2444
55.499
55.7536
56.0081
56.2627
56.5173
56.7719
57.0265
57.2811
57.5356
57.7902
58.0448
58.2994
58.554
58.8086
59.0631
59.3177
59.5723
59.8269
60.0815
60.336
60.5906
60.8452
61.0998
61.3544
61.609
61.8635
62.1181
62.3727
62.6273
62.8819
63.1365
63.391
63.6456
63.9002
64.1548
64.4094
64.664
64.9185
65.1731
65.4277
65.6823
65.9369
66.1914
66.446
66.7006
66.9552
67.2098
67.4644
67.7189
67.9735
68.2281
68.4827
68.7373
68.9919
69.2464
69.501
69.7556
70.0102
70.2648
70.5193
70.7739
71.0285
71.2831
71.5377
71.7923
72.0468
72.3014
72.556
72.8106
73.0652
73.3198
73.5743
73.8289
74.0835
74.3381
74.5927
74.8473
75.1018
75.3564
75.611
75.8656
76.1202
76.3747
76.6293
76.8839
77.1385
77.3931
77.6477
77.9022
78.1568
78.4114
78.666
78.9206
79.1752
79.4297
79.6843
79.9389
80.1935
80.4481
80.7026
80.9572
81.2118
81.4664
81.721
81.9756
82.2301
82.4847
82.7393
82.9939
83.2485
83.5031
83.7576
84.0122
84.2668
84.5214
84.776
85.0305
85.2851
85.5397
85.7943
86.0489
86.3035
86.558
86.8126
87.0672
87.3218
87.5764
87.831
88.0855
88.3401
88.5947
88.8493
89.1039
89.3585
89.613
89.8676
90.1222
90.3768
90.6314
90.8859
91.1405
91.3951
91.6497
91.9043
92.1589
92.4134
92.668
92.9226
93.1772
93.4318
93.6864
93.9409
94.1955
94.4501
94.7047
94.9593
95.2138
95.4684
95.723
95.9776
96.2322
96.4868
96.7413
96.9959
97.2505
97.5051
97.7597
98.0143
98.2688
98.5234
98.778
99.0326
99.2872
99.5418
99.7963
100.051
100.305
100.56
100.815
101.069
101.324
101.578
101.833
102.088
102.342
102.597
102.851
103.106
103.36
103.615
103.87
104.124
104.379
104.633
104.888
105.143
105.397
105.652
105.906
106.161
106.415
106.67
106.925
107.179
107.434
107.688
107.943
108.198
108.452
108.707
108.961
109.216
109.47
109.725
109.98
110.234
110.489
110.743
110.998
111.253
111.507
111.762
112.016
112.271
112.525
112.78
113.035
113.289
113.544
113.798
114.053
114.308
114.562
114.817
115.071
115.326
115.58
115.835
116.09
116.344
116.599
116.853
117.108
117.363
117.617
117.872
118.126
118.381
118.635
118.89
119.145
119.399
119.654
119.908
120.163
120.418
120.672
120.927
121.181
121.436
121.69
121.945
122.2
122.454
122.709
122.963
123.218
123.473
123.727
123.982
124.236
124.491
124.745
125
125.255
125.509
125.764
126.018
126.273
126.527
126.782
127.037
127.291
127.546
127.8
128.055
128.31
128.564
128.819
129.073
129.328
129.582
129.837
130.092
130.346
130.601
130.855
131.11
131.365
131.619
131.874
132.128
132.383
132.637
132.892
133.147
133.401
133.656
133.91
134.165
134.42
134.674
134.929
135.183
135.438
135.692
135.947
136.202
136.456
136.711
136.965
137.22
137.475
137.729
137.984
138.238
138.493
138.747
139.002
139.257
139.511
139.766
140.02
140.275
140.53
140.784
141.039
141.293
141.548
141.802
142.057
142.312
142.566
142.821
143.075
143.33
143.585
143.839
144.094
144.348
144.603
144.857
145.112
145.367
145.621
145.876
146.13
146.385
146.64
146.894
147.149
147.403
147.658
147.912
148.167
148.422
148.676
148.931
149.185
149.44
149.695
149.949
150.204
150.458
150.713
150.967
151.222
151.477
151.731
151.986
152.24
152.495
152.749
153.004
153.259
153.513
153.768
154.022
154.277
154.532
154.786
155.041
155.295
155.55
155.804
156.059
156.314
156.568
156.823
157.077
157.332
157.587
157.841
158.096
158.35
158.605
158.859
159.114
159.369
159.623
159.878
160.132
160.387
160.642
160.896
161.151
161.405
161.66
161.914
162.169
162.424
162.678
162.933
163.187
163.442
163.697
163.951
164.206
164.46
164.715
164.969
165.224
165.479
165.733
165.988
166.242
166.497
166.752
167.006
167.261
167.515
167.77
168.024
168.279
168.534
168.788
169.043
169.297
169.552
169.807
170.061
170.316
170.57
170.825
171.079
171.334
171.589
171.843
172.098
172.352
172.607
172.862
173.116
173.371
173.625
173.88
174.134
174.389
174.644
174.898
175.153
175.407
175.662
175.916
176.171
176.426
176.68
176.935
177.189
177.444
177.699
177.953
178.208
178.462
178.717
178.971
179.226
179.481
179.735
179.99
180.244
180.499
180.754
181.008
181.263
181.517
181.772
182.026
182.281
182.536
182.79
183.045
183.299
183.554
183.809
184.063
184.318
184.572
184.827
185.081
185.336
185.591
185.845
186.1
186.354
186.609
186.864
187.118
187.373
187.627
187.882
188.136
188.391
188.646
188.9
189.155
189.409
189.664
189.919
190.173
190.428
190.682
190.937
191.191
191.446
191.701
191.955
192.21
192.464
192.719
192.974
193.228
193.483
193.737
193.992
194.246
194.501
194.756
195.01
195.265
195.519
195.774
196.029
196.283
196.538
196.792
197.047
197.301
197.556
197.811
198.065
198.32
198.574
198.829
199.084
199.338
199.593
199.847
200.102
200.356
200.611
200.866
201.12
201.375
201.629
201.884
202.138
202.393
202.648
202.902
203.157
203.411
203.666
203.921
204.175
204.43
204.684
204.939
205.193
205.448
205.703
205.957
206.212
206.466
206.721
206.976
207.23
207.485
207.739
207.994
208.248
208.503
208.758
209.012
209.267
209.521
209.776
210.031
210.285
210.54
210.794
211.049
211.303
211.558
211.813
212.067
212.322
212.576
212.831
213.086
213.34
213.595
213.849
214.104
214.358
214.613
214.868
215.122
215.377
215.631
215.886
216.141
216.395
216.65
216.904
217.159
217.413
217.668
217.923
218.177
218.432
218.686
218.941
219.196
219.45
219.705
219.959
220.214
220.468
220.723
220.978
221.232
221.487
221.741
221.996
222.251
222.505
222.76
223.014
223.269
223.523
223.778
224.033
224.287
224.542
224.796
225.051
225.305
225.56
225.815
226.069
226.324
226.578
226.833
227.088
227.342
227.597
227.851
228.106
228.36
228.615
228.87
229.124
229.379
229.633
229.888
230.143
230.397
230.652
230.906
231.161
231.415
231.67
231.925
232.179
232.434
232.688
232.943
233.198
233.452
233.707
233.961
234.216
234.47
234.725
234.98
235.234
235.489
235.743
235.998
236.253
236.507
236.762
237.016
237.271
237.525
237.78
238.035
238.289
238.544
238.798
239.053
239.308
239.562
239.817
240.071
240.326
240.58
240.835
241.09
241.344
241.599
241.853
242.108
242.363
242.617
242.872
243.126
243.381
243.635
243.89
244.145
244.399
244.654
244.908
245.163
245.418
245.672
245.927
246.181
246.436
246.69
246.945
247.2
247.454
247.709
247.963
248.218
248.473
248.727
248.982
249.236
249.491
249.745
