-6.16444e+69
-1.90099e+65
-3.86501e+64
4.00818e+65
6.30306e+66
-1.26209e+66
-3.4488e+65
5.73452e+65
5.83949e+66
-2.90884e+66
-9.41651e+65
3.82892e+65
5.09242e+66
-5.31403e+66
-1.79833e+66
-1.13814e+65
4.09882e+66
-8.92909e+66
-2.87075e+66
-8.53983e+65
2.90786e+66
-1.51867e+67
-4.10327e+66
-1.76868e+66
1.57843e+66
-3.1579e+67
-5.43118e+66
-2.78381e+66
1.76195e+65
1.31734e+69
-6.7834e+66
-3.82213e+66
-1.22964e+66
2.31115e+67
-8.08484e+66
-4.80587e+66
-2.56984e+66
7.71212e+66
-9.25772e+66
-5.65935e+66
-3.77857e+66
1.70511e+66
-1.02195e+67
-6.31148e+66
-4.79669e+66
-1.74827e+66
-1.08695e+67
-6.69766e+66
-5.57476e+66
-4.00476e+66
-1.10241e+67
-6.76057e+66
-6.07547e+66
-5.50182e+66
-9.92915e+66
-6.4493e+66
-6.27561e+66
-6.42292e+66
-7.30738e+67
-5.7152e+66
-6.16722e+66
-6.8659e+66
-1.49094e+67
-4.50161e+66
-5.75811e+66
-6.8992e+66
-1.30653e+67
-2.7197e+66
-5.07155e+66
-6.58386e+66
-1.17655e+67
-1.86843e+65
-4.14528e+66
-5.98251e+66
-1.04496e+67
3.55961e+66
-3.02992e+66
-5.16263e+66
-9.04683e+66
1.00218e+67
-1.78677e+66
-4.19676e+66
-7.57723e+66
2.73624e+67
-4.85524e+65
-3.16132e+66
-6.0902e+66
-4.38365e+68
7.98057e+65
-2.13428e+66
-4.64618e+66
-2.70958e+67
1.98354e+66
-1.19266e+66
-3.3081e+66
-1.27233e+67
2.9848e+66
-4.09819e+65
-2.13599e+66
-7.00853e+66
3.70193e+66
1.46878e+65
-1.18288e+66
-3.74469e+66
3.98938e+66
4.17782e+65
-4.91568e+65
-1.656e+66
3.51442e+66
3.51538e+65
-9.21244e+64
-3.21431e+65
6.67799e+65
-9.61843e+64
-1.36697e+62
4.41154e+65
6.64048e+67
-9.6717e+65
-2.15739e+65
7.33043e+65
1.0648e+67
-2.31145e+66
-7.23407e+65
6.27787e+65
7.58837e+66
-4.21236e+66
-1.49251e+66
1.91844e+65
5.77759e+66
-6.85011e+66
-2.47856e+66
-5.07147e+65
4.16303e+66
-1.06954e+67
-3.625e+66
-1.39761e+66
2.56741e+66
-1.73116e+67
-4.86542e+66
-2.40404e+66
9.75164e+65
-3.55438e+67
-6.12578e+66
-3.44854e+66
-5.79977e+65
2.52108e+68
-7.32627e+66
-4.45313e+66
-2.04651e+66
1.84473e+67
-8.38165e+66
-5.34234e+66
-3.36821e+66
5.126e+66
-9.19771e+66
-6.04586e+66
-4.49135e+66
-2.593e+65
-9.65672e+66
-6.50072e+66
-5.36947e+66
-3.30835e+66
-9.56542e+66
-6.65285e+66
-5.96684e+66
-5.21217e+66
-8.42663e+66
-6.4573e+66
-6.2609e+66
-6.37331e+66
-3.61754e+66
-5.87679e+66
-6.24385e+66
-6.97148e+66
-7.20326e+67
-4.87674e+66
-5.92337e+66
-7.11074e+66
-1.86379e+67
-3.41417e+66
-5.32255e+66
-6.86917e+66
-1.45163e+67
-1.41192e+66
-4.47906e+66
-6.31807e+66
-1.22383e+67
1.30639e+66
-3.44371e+66
-5.52943e+66
-1.03505e+67
5.21591e+66
-2.27846e+66
-4.57828e+66
-8.58256e+66
1.19314e+67
-1.05419e+66
-3.54228e+66
-6.88613e+66
3.09847e+67
1.51383e+65
-2.50008e+66
-5.28003e+66
-1.79207e+68
1.25505e+66
-1.52888e+66
-3.80676e+66
-2.23e+67
2.16735e+66
-7.01811e+65
-2.51542e+66
-1.00456e+67
2.78628e+66
-8.54516e+64
-1.45301e+66
-5.02234e+66
2.97595e+66
2.62276e+65
-6.58992e+65
-2.2106e+66
2.49258e+66
2.93362e+65
-1.61707e+65
-5.06553e+65
6.58919e+65
-3.02301e+64
2.40135e+64
4.7214e+65
-6.34449e+66
-7.38442e+65
-1.01781e+65
9.01772e+65
6.48518e+67
-1.85828e+66
-5.23677e+65
8.8848e+65
1.37791e+67
-3.42534e+66
-1.21125e+66
5.14264e+65
8.73884e+66
-5.50994e+66
-2.12013e+66
-1.4537e+65
6.03875e+66
-8.28309e+66
-3.19373e+66
-1.01472e+66
3.90497e+66
-1.22204e+67
-4.36526e+66
-2.01606e+66
1.98629e+66
-1.89761e+67
-5.56005e+66
-3.07033e+66
2.04908e+65
-3.87639e+67
-6.69741e+66
-4.09891e+66
-1.43467e+66
1.27405e+68
-7.69141e+66
-5.02617e+66
-2.89902e+66
1.35673e+67
-8.44894e+66
-5.78201e+66
-4.14644e+66
2.38745e+66
-8.86062e+66
-6.30429e+66
-5.13708e+66
-2.24555e+66
-8.77206e+66
-6.5407e+66
-5.83882e+66
-4.80032e+66
-7.88642e+66
-6.44979e+66
-6.23096e+66
-6.29195e+66
-5.33042e+66
-6.00078e+66
-6.30655e+66
-7.08116e+66
4.12453e+66
-5.17137e+66
-6.07348e+66
-7.33992e+66
-6.99781e+67
-3.94238e+66
-5.55474e+66
-7.17575e+66
-2.11913e+67
-2.2859e+66
-4.78779e+66
-6.67393e+66
-1.53665e+67
-1.39131e+65
-3.82322e+66
-5.91352e+66
-1.22906e+67
2.66198e+66
-2.72289e+66
-4.97322e+66
-9.9394e+66
6.58903e+66
-1.55773e+66
-3.93268e+66
-7.89271e+66
1.33219e+67
-4.05509e+65
-2.87163e+66
-6.04615e+66
3.37387e+67
6.50811e+65
-1.86783e+66
-4.3907e+66
-1.03515e+68
1.52332e+66
-9.9461e+65
-2.95071e+66
-1.73809e+67
2.11587e+66
-3.18303e+65
-1.76018e+66
-7.27637e+66
2.31208e+66
1.03988e+65
-8.51518e+65
-3.0572e+66
1.93893e+66
2.26084e+65
-2.49213e+65
-7.76124e+65
6.4407e+65
1.3524e+64
3.3899e+64
4.92781e+65
-2.65781e+66
-5.56921e+65
-1.23684e+63
1.0875e+66
-1.48526e+67
-1.49966e+66
-3.38956e+65
1.17484e+66
6.23094e+67
-2.82593e+66
-9.48926e+65
8.63035e+65
1.57753e+67
-4.55562e+66
-1.78704e+66
2.39974e+65
9.29164e+66
-6.74339e+66
-2.79695e+66
-6.12426e+65
5.8871e+66
-9.54463e+66
-3.91218e+66
-1.61321e+66
3.34817e+66
-1.34221e+67
-5.05831e+66
-2.68155e+66
1.1969e+66
-2.0065e+67
-6.15522e+66
-3.73786e+66
-6.94716e+65
-4.09828e+67
-7.11845e+66
-4.70599e+66
-2.34848e+66
7.53998e+67
-7.85879e+66
-5.51567e+66
-3.74909e+66
8.65229e+66
-8.2777e+66
-6.10497e+66
-4.87044e+66
-3.82953e+65
-8.25227e+66
-6.42242e+66
-5.68785e+66
-4.16915e+66
-7.59077e+66
-6.42844e+66
-6.18468e+66
-6.16282e+66
-5.88322e+66
-6.09589e+66
-6.35604e+66
-7.20108e+66
-1.81616e+66
-5.40933e+66
-6.21078e+66
-7.59834e+66
1.34453e+67
-4.36237e+66
-5.77217e+66
-7.51551e+66
-6.69649e+67
-2.95187e+66
-5.07757e+66
-7.06083e+66
-2.26522e+67
-1.16618e+66
-4.17732e+66
-6.32412e+66
-1.56276e+67
1.04062e+66
-3.13291e+66
-5.38944e+66
-1.19419e+67
3.81347e+66
-2.01484e+66
-4.33925e+66
-9.24577e+66
7.60092e+66
-9.00244e+65
-3.25477e+66
-7.01391e+66
1.40827e+67
1.29136e+65
-2.21464e+66
-5.09749e+66
3.53461e+67
9.8809e+65
-1.29267e+66
-3.46274e+66
-6.48988e+67
1.58687e+66
-5.55365e+65
-2.11598e+66
-1.25111e+67
1.82517e+66
-5.96008e+64
-1.07526e+66
-4.53313e+66
1.57407e+66
1.49277e+65
-3.57345e+65
-1.19463e+66
6.23172e+65
3.86901e+64
2.91086e+64
5.0096e+65
-1.49695e+66
-4.10894e+65
8.72138e+64
1.30307e+66
-6.34393e+66
-1.20697e+66
-1.66378e+65
1.50195e+66
-2.50477e+67
-2.34784e+66
-7.01034e+65
1.25193e+66
5.88455e+67
-3.82847e+66
-1.47273e+66
6.60586e+65
1.67241e+67
-5.65215e+66
-2.42543e+66
-1.81024e+65
9.26917e+66
-7.85542e+66
-3.49307e+66
-1.18744e+66
5.34999e+66
-1.05709e+67
-4.60187e+66
-2.27549e+66
2.52782e+66
-1.42272e+67
-5.67269e+66
-3.36431e+66
2.39639e+65
-2.04731e+67
-6.62296e+66
-4.37699e+66
-1.68137e+66
-4.18924e+67
-7.36748e+66
-5.24282e+66
-3.28019e+66
4.51792e+67
-7.81668e+66
-5.89972e+66
-4.55934e+66
3.86655e+66
-7.86919e+66
-6.29641e+66
-5.50891e+66
-3.07188e+66
-7.39058e+66
-6.39415e+66
-6.1202e+66
-5.95231e+66
-6.15202e+66
-6.16769e+66
-6.39259e+66
-7.3422e+66
-3.62315e+66
-5.60531e+66
-6.33717e+66
-7.90509e+66
2.01354e+66
-4.70754e+66
-5.9782e+66
-7.90669e+66
2.45976e+67
-3.48416e+66
-5.35338e+66
-7.49416e+66
-6.30731e+67
-1.94835e+66
-4.51294e+66
-6.77375e+66
-2.31137e+67
-1.05347e+65
-3.51807e+66
-5.83703e+66
-1.53321e+67
2.07143e+66
-2.43873e+66
-4.77012e+66
-1.12268e+67
4.70035e+66
-1.35127e+66
-3.65614e+66
-8.30999e+66
8.18378e+66
-3.36068e+65
-2.57478e+66
-5.98982e+66
1.41154e+67
5.24272e+65
-1.60048e+66
-4.08415e+66
3.54577e+67
1.14533e+66
-8.00157e+65
-2.53761e+66
-4.0359e+67
1.43843e+66
-2.30851e+65
-1.33901e+66
-7.84593e+66
1.3018e+66
6.23e+64
-4.90057e+65
-1.92423e+66
5.96114e+65
4.75376e+64
8.6435e+63
4.92006e+65
-9.2554e+65
-2.92798e+65
1.6454e+65
1.57162e+66
-3.85552e+66
-9.62512e+65
-3.4729e+63
1.89461e+66
-1.02864e+67
-1.95303e+66
-4.63726e+65
1.70203e+66
-3.72707e+67
-3.24653e+66
-1.17186e+66
1.1333e+66
5.45516e+67
-4.8218e+66
-2.07193e+66
2.92695e+65
1.67247e+67
-6.66499e+66
-3.09822e+66
-7.28397e+65
8.71354e+66
-8.79215e+66
-4.17756e+66
-1.84398e+66
4.46907e+66
-1.13054e+67
-5.23179e+66
-2.97175e+66
1.48891e+66
-1.45742e+67
-6.18009e+66
-4.03397e+66
-8.39093e+65
-2.01094e+67
-6.94057e+66
-4.95938e+66
-2.70994e+66
-4.10854e+67
-7.43036e+66
-5.68554e+66
-4.18857e+66
2.47193e+67
-7.56241e+66
-6.16102e+66
-5.29466e+66
-6.44103e+65
-7.23521e+66
-6.34728e+66
-6.03466e+66
-5.57667e+66
-6.30518e+66
-6.21985e+66
-6.41606e+66
-7.52671e+66
-4.50785e+66
-5.76886e+66
-6.45427e+66
-8.29448e+66
-1.18829e+66
-4.99847e+66
-6.17583e+66
-8.37927e+66
6.03577e+66
-3.92523e+66
-5.61947e+66
-7.99752e+66
3.8049e+67
-2.57482e+66
-4.83577e+66
-7.28045e+66
-5.84054e+67
-9.7641e+65
-3.88582e+66
-6.32972e+66
-2.26812e+67
8.47545e+65
-2.83922e+66
-5.2358e+66
-1.45312e+67
2.90202e+66
-1.77161e+66
-4.08383e+66
-1.01935e+67
5.2708e+66
-7.62189e+65
-2.95451e+66
-7.18113e+66
8.28339e+66
1.08561e+65
-1.92289e+66
-4.86906e+66
1.33367e+67
7.60264e+65
-1.05632e+66
-3.05188e+66
3.35822e+67
1.11232e+66
-4.12169e+65
-1.65588e+66
-2.29767e+67
1.07999e+66
-3.57248e+64
-6.53178e+65
-3.52124e+66
5.62746e+65
4.14304e+64
-2.92495e+64
4.54141e+65
-5.86587e+65
-1.97595e+65
2.31414e+65
1.93999e+66
-2.64931e+66
-7.54813e+65
1.52027e+65
2.39729e+66
-6.34299e+66
-1.61811e+66
-2.33501e+65
2.24789e+66
-1.43531e+67
-2.76311e+66
-8.79767e+65
1.68383e+66
-5.21732e+67
-4.15646e+66
-1.73047e+66
8.27723e+65
4.95406e+67
-5.76127e+66
-2.71999e+66
-2.22003e+65
1.58885e+67
-7.54649e+66
-3.77556e+66
-1.3765e+66
7.68403e+66
-9.50549e+66
-4.81981e+66
-2.55226e+66
3.29807e+66
-1.17016e+67
-5.77329e+66
-3.67093e+66
2.84018e+65
-1.44169e+67
-6.55663e+66
-4.66087e+66
-1.98899e+66
-1.88993e+67
-7.09172e+66
-5.45928e+66
-3.73448e+66
-3.79473e+67
-7.30097e+66
-6.01447e+66
-5.03415e+66
9.75684e+66
-7.10264e+66
-6.28773e+66
-5.92376e+66
-4.75412e+66
-6.39783e+66
-6.25475e+66
-6.42578e+66
-7.80826e+66
-5.03656e+66
-5.9064e+66
-6.56358e+66
-8.83574e+66
-2.72155e+66
-5.24855e+66
-6.36795e+66
-8.98681e+66
1.32683e+66
-4.30116e+66
-5.87982e+66
-8.60946e+66
1.01096e+67
-3.09622e+66
-5.15082e+66
-7.87172e+66
5.47235e+67
-1.67447e+66
-4.24239e+66
-6.88722e+66
-5.30838e+67
-8.0248e+64
-3.22403e+66
-5.75057e+66
-2.14719e+67
1.64685e+66
-2.17095e+66
-4.54829e+66
-1.32915e+67
3.48809e+66
-1.16148e+66
-3.36153e+66
-8.90067e+66
5.48427e+66
-2.74532e+65
-2.26556e+66
-5.91468e+66
7.86185e+66
4.12423e+65
-1.32791e+66
-3.70306e+66
1.16813e+67
8.24274e+65
-6.06198e+65
-2.04627e+66
2.89194e+67
8.87111e+65
-1.45961e+65
-8.55495e+65
-9.98556e+66
5.22875e+65
2.10685e+64
-8.73849e+64
3.482e+65
-3.65022e+65
-1.21867e+65
2.88238e+65
2.52067e+66
-1.92862e+66
-5.76096e+65
3.02371e+65
3.09925e+66
-4.48001e+66
-1.32787e+66
-6.92001e+63
2.95109e+66
-8.85969e+66
-2.34958e+66
-5.92071e+65
2.35417e+66
-1.83949e+67
-3.60192e+66
-1.39576e+66
1.453e+66
-7.10925e+67
-5.03711e+66
-2.35201e+66
3.51976e+65
4.3943e+67
-6.60364e+66
-3.38815e+66
-8.58718e+65
1.4338e+67
-8.25353e+66
-4.42728e+66
-2.09557e+66
6.25412e+66
-9.95548e+66
-5.3909e+66
-3.28049e+66
1.90013e+66
-1.17255e+67
-6.20142e+66
-4.34201e+66
-1.0291e+66
-1.37263e+67
-6.78399e+66
-5.21736e+66
-3.15807e+66
-1.67873e+67
-7.06724e+66
-5.85465e+66
-4.71027e+66
-3.13893e+67
-6.98159e+66
-6.21498e+66
-5.78088e+66
-1.57873e+66
-6.45329e+66
-6.2739e+66
-6.42043e+66
-8.36001e+66
-5.38872e+66
-6.02235e+66
-6.66653e+66
-9.69362e+66
-3.63465e+66
-5.46687e+66
-6.55752e+66
-9.83624e+66
-8.65491e+65
-4.62891e+66
-6.13838e+66
-9.39847e+66
3.81816e+66
-3.5435e+66
-5.46281e+66
-8.59236e+66
1.40785e+67
-2.2569e+66
-4.59328e+66
-7.53956e+66
7.66062e+67
-8.23525e+65
-3.59962e+66
-6.33495e+66
-4.72461e+67
6.9832e+65
-2.55695e+66
-5.06376e+66
-1.96131e+67
2.25242e+66
-1.5431e+66
-3.80584e+66
-1.16925e+67
3.79449e+66
-6.35936e+65
-2.6355e+66
-7.41508e+66
5.31364e+66
8.90206e+64
-1.61976e+66
-4.57003e+66
6.89997e+66
5.60307e+65
-8.16028e+65
-2.54378e+66
9.10374e+66
7.10915e+65
-2.69932e+65
-1.11074e+66
1.99153e+67
4.76259e+65
-1.33864e+64
-1.70193e+65
-7.66791e+64
-2.12527e+65
-6.33009e+64
3.35137e+65
3.67055e+66
-1.44543e+66
-4.20926e+65
4.49988e+65
4.21103e+66
-3.37597e+66
-1.07195e+66
2.19683e+65
3.93385e+66
-6.34168e+66
-1.98738e+66
-3.04342e+65
3.21857e+66
-1.12981e+67
-3.12513e+66
-1.06275e+66
2.21555e+66
-2.22484e+67
-4.43239e+66
-1.98859e+66
1.02428e+66
-9.70738e+67
-5.84856e+66
-3.00884e+66
-2.70047e+65
3.79026e+67
-7.30899e+66
-4.0467e+66
-1.58767e+66
1.22046e+67
-8.74942e+66
-5.02421e+66
-2.85303e+66
4.50807e+66
-1.01122e+67
-5.86489e+66
-3.99626e+66
3.44872e+65
-1.13574e+67
-6.49604e+66
-4.95542e+66
-2.39009e+66
-1.24934e+67
-6.85028e+66
-5.67902e+66
-4.29494e+66
-1.3738e+67
-6.86561e+66
-6.12812e+66
-5.59565e+66
-1.90715e+67
-6.483e+66
-6.27813e+66
-6.3977e+66
-1.02313e+67
-5.63904e+66
-6.11984e+66
-6.76463e+66
-1.13819e+67
-4.248e+66
-5.65982e+66
-6.74792e+66
-1.11775e+67
-2.15704e+66
-4.92003e+66
-6.39945e+66
-1.04997e+67
9.81487e+65
-3.93671e+66
-5.77662e+66
-9.52132e+66
6.17555e+66
-2.75861e+66
-4.94381e+66
-8.33538e+66
1.77728e+67
-1.44463e+66
-3.97181e+66
-7.02005e+66
