822
820.281
818.564
816.848
815.134
813.422
811.712
810.004
808.298
806.593
804.89
803.189
801.49
799.792
798.096
796.403
794.71
793.02
791.332
789.645
787.96
786.277
784.596
782.916
781.238
779.563
777.888
776.216
774.546
772.877
771.21
769.545
767.882
766.22
764.56
762.903
761.246
759.592
757.94
756.289
754.64
752.993
751.348
749.704
748.062
746.422
744.784
743.148
741.514
739.881
738.25
736.621
734.994
733.368
731.744
730.122
728.502
726.884
725.268
723.653
722.04
720.429
718.82
717.212
715.606
714.003
712.4
710.8
709.202
707.605
706.01
704.417
702.826
701.236
699.648
698.063
696.478
694.896
693.316
691.737
690.16
688.585
687.012
685.44
683.87
682.302
680.736
679.172
677.61
676.049
674.49
672.933
671.378
669.824
668.272
666.722
665.174
663.628
662.084
660.541
659
657.461
655.924
654.388
652.854
651.323
649.792
648.264
646.738
645.213
643.69
642.169
640.65
639.132
637.616
636.102
634.59
633.08
631.572
630.065
628.56
627.057
625.556
624.056
622.558
621.063
619.568
618.076
616.586
615.097
613.61
612.125
610.642
609.16
607.68
606.203
604.726
603.252
601.78
600.309
598.84
597.373
595.908
594.444
592.982
591.523
590.064
588.608
587.154
585.701
584.25
582.801
581.354
579.908
578.464
577.023
575.582
574.144
572.708
571.273
569.84
568.409
566.98
565.552
564.126
562.703
561.28
559.86
558.442
557.025
555.61
554.197
552.786
551.376
549.968
548.563
547.158
545.756
544.356
542.957
541.56
540.165
538.772
537.38
535.99
534.602
533.216
531.832
530.45
529.069
527.69
526.313
524.938
523.564
522.192
520.823
519.454
518.088
516.724
515.361
514
512.641
511.284
509.928
508.574
507.223
505.872
504.524
503.178
501.833
500.49
499.149
497.81
496.472
495.136
493.802
492.47
491.14
489.812
488.485
487.16
485.837
484.516
483.196
481.878
480.563
479.248
477.936
476.626
475.317
474.01
472.705
471.402
470.1
468.8
467.503
466.206
464.912
463.62
462.329
461.04
459.753
458.468
457.184
455.902
454.622
453.344
452.068
450.794
449.521
448.25
446.981
445.714
444.448
443.184
441.922
440.662
439.404
438.148
436.893
435.64
434.389
433.14
431.892
430.646
429.402
428.16
426.92
425.682
424.445
423.21
421.977
420.746
419.516
418.288
417.063
415.838
414.616
413.396
412.177
410.96
409.745
408.532
407.32
406.11
404.902
403.696
402.492
401.29
400.089
398.89
397.693
396.498
395.304
394.112
392.922
391.734
390.548
389.364
388.181
387
385.821
384.644
383.468
382.294
381.122
379.952
378.784
377.618
376.453
375.29
374.129
372.97
371.812
370.656
369.503
368.35
367.2
366.052
364.905
363.76
362.617
361.476
360.336
359.198
358.063
356.928
355.796
354.666
353.537
352.41
351.285
350.162
349.04
347.92
346.802
345.686
344.572
343.46
342.349
341.24
340.133
339.028
337.924
336.822
335.723
334.624
333.528
332.434
331.341
330.25
329.161
328.074
326.988
325.904
324.823
323.742
322.664
321.588
320.513
319.44
318.369
317.3
316.232
315.166
314.103
313.04
311.98
310.922
309.865
308.81
307.757
306.706
305.656
304.608
303.563
302.518
301.476
300.436
299.397
298.36
297.325
296.292
295.26
294.23
293.203
292.176
291.152
290.13
289.109
288.09
287.073
286.058
285.044
284.032
283.022
282.014
281.008
280.004
279.001
278
277.001
276.004
275.008
274.014
273.022
272.032
271.044
270.058
269.073
268.09
267.109
266.13
265.152
264.176
263.203
262.23
261.26
260.292
259.325
258.36
257.397
256.436
255.476
254.518
253.563
252.608
251.656
250.706
249.757
248.81
247.865
246.922
245.98
245.04
244.102
243.166
242.232
241.3
240.369
239.44
238.513
237.588
236.664
235.742
234.822
233.904
232.988
232.074
231.161
230.25
229.341
228.434
227.528
226.624
225.723
224.822
223.924
223.028
222.133
221.24
220.349
219.46
218.572
217.686
216.803
215.92
215.04
214.162
213.285
212.41
211.537
210.666
209.796
208.928
208.063
207.198
206.336
205.476
204.617
203.76
202.905
202.052
201.2
200.35
199.503
198.656
197.812
196.97
196.129
195.29
194.453
193.618
192.784
191.952
191.122
190.294
189.468
188.644
187.821
187
186.181
185.364
184.548
183.734
182.923
182.112
181.304
180.498
179.693
178.89
178.089
177.29
176.492
175.696
174.902
174.11
173.32
172.532
171.745
170.96
170.177
169.396
168.616
167.838
167.063
166.288
165.516
164.746
163.977
163.21
162.445
161.682
160.92
160.16
159.402
158.646
157.892
157.14
156.389
155.64
154.893
154.148
153.404
152.662
151.923
151.184
150.448
149.714
148.981
148.25
147.521
146.794
146.068
145.344
144.622
143.902
143.184
142.468
141.753
141.04
140.329
139.62
138.912
138.206
137.503
136.8
136.1
135.402
134.705
134.01
133.317
132.626
131.936
131.248
130.563
129.878
129.196
128.516
127.837
127.16
126.485
125.812
125.14
124.47
123.802
123.136
122.472
121.81
121.149
120.49
119.833
119.178
118.524
117.872
117.223
116.574
115.928
115.284
114.641
114
113.361
112.724
112.088
111.454
110.823
110.192
109.564
108.938
108.313
107.69
107.069
106.45
105.832
105.216
104.603
103.99
103.38
102.772
102.165
101.56
100.957
100.356
99.7561
99.1584
98.5625
97.9684
97.3761
96.7856
96.1969
95.61
95.0249
94.4416
93.8601
93.2804
92.7025
92.1264
91.5521
90.9796
90.4089
89.84
89.2729
88.7076
88.1441
87.5824
87.0225
86.4644
85.9081
85.3536
84.8009
84.25
83.7009
83.1536
82.6081
82.0644
81.5225
80.9824
80.4441
79.9076
79.3729
78.84
78.3089
77.7796
77.2521
76.7264
76.2025
75.6804
75.1601
74.6416
74.1249
73.61
73.0969
72.5856
72.0761
71.5684
71.0625
70.5584
70.0561
69.5556
69.0569
68.56
68.0649
67.5716
67.0801
66.5904
66.1025
65.6164
65.1321
64.6496
64.1689
63.69
63.2129
62.7376
62.2641
61.7924
61.3225
60.8544
60.3881
59.9236
59.4609
59
58.5409
58.0836
57.6281
57.1744
56.7225
56.2724
55.8241
55.3776
54.9329
54.49
54.0489
53.6096
53.1721
52.7364
52.3025
51.8704
51.4401
51.0116
50.5849
50.16
49.7369
49.3156
48.8961
48.4784
48.0625
47.6484
47.2361
46.8256
46.4169
46.01
45.6049
45.2016
44.8001
44.4004
44.0025
43.6064
43.2121
42.8196
42.4289
42.04
41.6529
41.2676
40.8841
40.5024
40.1225
39.7444
39.3681
38.9936
38.6209
38.25
37.8809
37.5136
37.1481
36.7844
36.4225
36.0624
35.7041
35.3476
34.9929
34.64
34.2889
33.9396
33.5921
33.2464
32.9025
32.5604
32.2201
31.8816
31.5449
31.21
30.8769
30.5456
30.2161
29.8884
29.5625
29.2384
28.9161
28.5956
28.2769
27.96
27.6449
27.3316
27.0201
26.7104
26.4025
26.0964
25.7921
25.4896
25.1889
24.89
24.5929
24.2976
24.0041
23.7124
23.4225
23.1344
22.8481
22.5636
22.2809
22
21.7209
21.4436
21.1681
20.8944
20.6225
20.3524
20.0841
19.8176
19.5529
19.29
19.0289
18.7696
18.5121
18.2564
18.0025
17.7504
17.5001
17.2516
17.0049
16.76
16.5169
16.2756
16.0361
15.7984
15.5625
15.3284
15.0961
14.8656
14.6369
14.41
14.1849
13.9616
13.7401
13.5204
13.3025
13.0864
12.8721
12.6596
12.4489
12.24
12.0329
11.8276
11.6241
11.4224
11.2225
11.0244
10.8281
10.6336
10.4409
10.25
10.0609
9.8736
9.6881
9.5044
9.3225
9.1424
8.9641
8.7876
8.6129
8.44
8.2689
8.0996
7.9321
7.7664
7.6025
7.4404
7.2801
7.1216
6.9649
6.81
6.6569
6.5056
6.3561
6.2084
6.0625
5.9184
5.7761
5.6356
5.4969
5.36
5.2249
5.0916
4.9601
4.8304
4.7025
4.5764
4.4521
4.3296
4.2089
4.09
3.9729
3.8576
3.7441
3.6324
3.5225
3.4144
3.3081
3.2036
3.1009
3
2.9009
2.8036
2.7081
2.6144
2.5225
2.4324
2.3441
2.2576
2.1729
2.09
2.0089
1.9296
1.8521
1.7764
1.7025
1.6304
1.5601
1.4916
1.4249
1.36
1.2969
1.2356
1.1761
1.1184
1.0625
1.0084
0.9561
0.9056
0.8569
0.81
0.7649
0.7216
0.6801
0.6404
0.6025
0.5664
0.5321
0.4996
0.4689
0.44
0.4129
0.3876
0.3641
0.3424
0.3225
0.3044
0.2881
0.2736
0.2609
0.25
0.2409
0.2336
0.2281
0.2244
0.2225
0.2224
0.2241
0.2276
0.2329
0.24
0.2489
0.2596
0.2721
0.2864
0.3025
0.3204
0.3401
0.3616
0.3849
0.41
0.4369
0.4656
0.4961
0.5284
0.5625
0.5984
0.6361
0.6756
0.7169
0.76
0.8049
0.8516
0.9001
0.9504
1.0025
1.0564
1.1121
1.1696
1.2289
1.29
1.3529
1.4176
1.4841
1.5524
1.6225
1.6944
1.7681
1.8436
1.9209
2
2.0809
2.1636
2.2481
2.3344
2.4225
2.5124
2.6041
2.6976
2.7929
2.89
2.9889
3.0896
3.1921
3.2964
3.4025
3.5104
3.6201
3.7316
3.8449
3.96
4.0769
4.1956
4.3161
4.4384
4.5625
4.6884
4.8161
4.9456
5.0769
5.21
5.3449
5.4816
5.6201
5.7604
5.9025
6.0464
6.1921
6.3396
6.4889
6.64
6.7929
6.9476
7.1041
7.2624
7.4225
7.5844
7.7481
7.9136
8.0809
8.25
8.4209
8.5936
8.7681
8.9444
9.1225
9.3024
9.4841
9.6676
9.8529
10.04
10.2289
10.4196
10.6121
10.8064
11.0025
11.2004
11.4001
11.6016
11.8049
12.01
12.2169
12.4256
12.6361
12.8484
13.0625
13.2784
13.4961
13.7156
13.9369
14.16
14.3849
14.6116
14.8401
15.0704
15.3025
15.5364
15.7721
16.0096
16.2489
16.49
16.7329
16.9776
17.2241
17.4724
17.7225
17.9744
18.2281
18.4836
18.7409
19
19.2609
19.5236
19.7881
20.0544
20.3225
20.5924
20.8641
21.1376
21.4129
21.69
21.9689
22.2496
22.5321
22.8164
23.1025
23.3904
23.6801
23.9716
24.2649
24.56
24.8569
25.1556
25.4561
25.7584
26.0625
26.3684
26.6761
26.9856
27.2969
27.61
27.9249
28.2416
28.5601
28.8804
29.2025
29.5264
29.8521
30.1796
30.5089
30.84
31.1729
31.5076
31.8441
32.1824
32.5225
32.8644
33.2081
33.5536
33.9009
34.25
34.6009
34.9536
35.3081
35.6644
36.0225
36.3824
36.7441
37.1076
37.4729
37.84
38.2089
38.5796
38.9521
39.3264
39.7025
40.0804
40.4601
40.8416
41.2249
41.61
41.9969
42.3856
42.7761
43.1684
43.5625
43.9584
44.3561
44.7556
45.1569
45.56
45.9649
46.3716
46.7801
47.1904
47.6025
48.0164
48.4321
48.8496
49.2689
49.69
50.1129
50.5376
50.9641
51.3924
51.8225
52.2544
52.6881
53.1236
53.5609
54
54.4409
54.8836
55.3281
55.7744
56.2225
56.6724
57.1241
57.5776
58.0329
58.49
58.9489
59.4096
59.8721
60.3364
60.8025
61.2704
61.7401
62.2116
62.6849
63.16
63.6369
64.1156
64.5961
65.0784
65.5625
66.0484
66.5361
67.0256
67.5169
68.01
68.5049
69.0016
69.5001
70.0004
70.5025
71.0064
71.5121
72.0196
72.5289
73.04
73.5529
74.0676
74.5841
75.1024
75.6225
76.1444
76.6681
77.1936
77.7209
78.25
78.7809
79.3136
79.8481
80.3844
80.9225
81.4624
82.0041
82.5476
83.0929
83.64
84.1889
84.7396
85.2921
85.8464
86.4025
86.9604
87.5201
88.0816
88.6449
89.21
89.7769
90.3456
90.9161
91.4884
92.0625
92.6384
93.2161
93.7956
94.3769
94.96
95.5449
96.1316
96.7201
97.3104
97.9025
98.4964
99.0921
99.6896
100.289
100.89
101.493
102.098
102.704
103.312
103.923
104.534
105.148
105.764
106.381
107
107.621
108.244
108.868
109.494
110.122
110.752
111.384
112.018
112.653
113.29
113.929
114.57
115.212
115.856
116.503
117.15
117.8
118.452
119.105
119.76
120.417
121.076
121.736
122.398
123.063
123.728
124.396
125.066
125.737
126.41
127.085
127.762
128.44
129.12
129.803
130.486
131.172
131.86
132.549
133.24
133.933
134.628
135.324
136.022
136.723
137.424
138.128
138.834
139.541
140.25
140.961
141.674
142.388
143.104
143.822
144.542
145.264
145.988
146.713
147.44
148.169
148.9
149.632
150.366
151.102
151.84
152.58
153.322
154.065
154.81
155.557
156.306
157.056
157.808
158.563
159.318
160.076
160.836
161.597
162.36
163.125
163.892
164.66
165.43
166.202
166.976
167.752
168.53
169.309
170.09
170.873
171.658
172.444
173.232
174.023
174.814
175.608
176.404
177.201
178
178.801
179.604
180.408
181.214
182.023
182.832
183.644
184.458
185.273
186.09
186.909
187.73
188.552
189.376
190.202
191.03
191.86
192.692
193.525
194.36
195.197
196.036
196.876
197.718
198.563
199.408
200.256
201.106
201.957
202.81
203.665
204.522
205.38
206.24
207.102
207.966
208.832
209.7
210.569
211.44
212.313
213.188
214.064
214.942
215.822
216.704
217.588
218.474
219.361
220.25
221.141
222.034
222.928
223.824
224.723
225.622
226.524
227.428
228.333
229.24
230.149
231.06
231.972
232.886
233.803
234.72
235.64
236.562
237.485
238.41
239.337
240.266
241.196
242.128
243.063
243.998
244.936
245.876
246.817
247.76
248.705
249.652
250.6
251.55
252.503
253.456
254.412
255.37
256.329
257.29
258.253
259.218
260.184
261.152
262.122
263.094
264.068
265.044
266.021
267
267.981
268.964
269.948
270.934
271.922
272.912
273.904
274.898
275.893
276.89
277.889
278.89
279.892
280.896
281.902
282.91
283.92
284.932
285.945
286.96
287.977
288.996
290.016
291.038
292.063
293.088
294.116
295.146
296.177
297.21
298.245
299.282
300.32
301.36
302.402
303.446
304.492
305.54
306.589
307.64
308.693
309.748
310.804
311.862
312.922
313.984
315.048
316.114
317.181
318.25
319.321
320.394
321.468
322.544
323.622
324.702
325.784
326.868
327.953
329.04
330.129
331.22
332.312
333.406
334.503
335.6
336.7
337.802
338.905
340.01
341.117
342.226
343.336
344.448
345.563
346.678
347.796
348.916
350.037
351.16
352.285
353.412
354.54
355.67
356.802
357.936
359.072
360.21
361.349
362.49
363.633
364.778
365.924
367.072
368.223
369.374
370.528
371.684
372.841
374
375.161
376.324
377.488
378.654
379.823
380.992
382.164
383.338
384.513
385.69
386.869
388.05
389.232
390.416
391.603
392.79
393.98
395.172
396.365
397.56
398.757
399.956
401.156
402.358
403.563
404.768
405.976
407.186
408.397
409.61
410.825
412.042
413.26
414.48
415.703
416.926
418.152
419.38
420.609
421.84
423.073
424.308
425.544
426.782
428.022
429.264
430.508
431.754
433.001
434.25
435.501
436.754
438.008
439.264
440.522
441.782
443.044
444.308
445.573
446.84
448.109
449.38
450.652
451.926
453.203
454.48
455.76
457.042
458.325
459.61
460.897
462.186
463.476
464.768
466.063
467.358
468.656
469.956
471.257
472.56
473.865
475.172
476.48
477.79
479.103
480.416
481.732
483.05
484.369
485.69
487.013
488.338
489.664
490.992
492.323
493.654
494.988
496.324
497.661
499
500.341
501.684
503.028
504.374
505.723
507.072
508.424
509.778
511.133
512.49
513.849
515.21
516.572
517.936
519.302
520.67
522.04
523.412
524.785
526.16
527.537
528.916
530.296
531.678
533.063
534.448
535.836
537.226
538.617
540.01
541.405
542.802
544.2
545.6
547.003
548.406
549.812
551.22
552.629
554.04
555.453
556.868
558.284
559.702
561.122
562.544
563.968
565.394
566.821
568.25
569.681
571.114
572.548
573.984
575.422
576.862
578.304
579.748
581.193
582.64
584.089
585.54
586.992
588.446
589.903
591.36
592.82
594.282
595.745
597.21
598.677
600.146
601.616
603.088
604.563
606.038
607.516
608.996
610.477
611.96
613.445
614.932
616.42
617.91
619.403
620.896
622.392
623.89
625.389
626.89
628.393
629.898
631.404
632.912
634.422
635.934
637.448
638.964
640.481
642
643.521
645.044
646.568
648.094
649.622
651.152
652.684
654.218
655.753
657.29
658.829
660.37
661.912
663.456
665.003
666.55
668.1
669.652
671.205
672.76
674.317
675.876
677.436
678.998
680.563
682.128
683.696
685.266
686.837
688.41
689.985
691.562
693.14
694.72
696.302
697.886
699.472
701.06
702.649
704.24
705.833
707.428
709.024
710.622
712.222
713.824
715.428
717.034
718.641
720.25
721.861
723.474
725.088
726.704
728.323
729.942
731.564
733.188
734.813
736.44
738.069
739.7
741.332
742.966
744.602
746.24
747.88
749.522
751.165
752.81
754.457
756.106
757.756
759.408
761.063
762.718
764.376
766.036
767.697
769.36
771.025
772.692
774.36
776.03
777.703
779.376
781.052
782.73
784.409
786.09
787.773
789.458
791.144
792.832
794.523
796.214
797.908
799.604
801.301
803
804.701
806.404
808.108
809.814
811.523
813.232
814.944
816.658
818.373
820.09
821.809
823.53
825.252
826.976
828.703
830.43
832.16
833.892
835.625
837.36
839.097
840.836
842.576
844.318
846.063
847.808
849.556
851.306
853.057
854.81
856.565
858.322
860.08
861.84
863.602
865.366
867.132
868.9
870.669
872.44
874.213
875.988
877.764
879.542
881.323
883.104
884.888
886.674
888.461
890.25
892.041
893.834
895.628
897.424
899.222
901.022
902.824
904.628
906.433
908.24
910.049
911.86
913.672
915.486
917.302
919.12
920.94
922.762
924.585
926.41
928.237
930.066
931.896
933.728
935.563
937.398
939.236
941.076
942.917
944.76
946.605
948.452
950.3
952.15
954.003
955.856
957.712
959.57
961.429
963.29
965.153
967.018
968.884
970.752
972.622
974.494
976.368
978.244
980.121
982
