697.899
654.068
655.457
658.387
668.102
661.602
660.262
661.685
668.1
664.822
662.548
663.324
668.098
667.265
664.114
664.393
668.094
669.558
665.352
665.183
668.09
672.123
666.416
665.813
668.084
675.806
667.39
666.341
668.077
692.826
668.329
666.805
668.068
676.548
669.28
667.226
668.059
673.937
670.29
667.621
668.047
672.489
671.428
668.002
668.034
671.496
672.806
668.38
668.02
670.738
674.67
668.766
668.003
670.117
677.811
669.172
667.983
669.581
691.208
669.613
667.961
669.1
677.383
670.109
667.935
668.65
674.383
670.693
667.905
668.218
672.531
671.418
667.869
667.789
671.128
672.385
667.827
667.351
669.946
673.833
667.776
666.89
668.876
676.564
667.712
666.389
667.848
687.591
667.63
665.825
666.806
674.854
667.521
665.164
665.692
671.196
667.367
664.348
664.422
668.46
667.129
663.264
662.849
665.805
666.704
661.649
660.618
662.548
665.7
658.572
656.255
655.967
658.273
651.587
654.543
658.206
678.249
660.748
659.932
661.771
670.515
663.994
662.287
663.432
669.499
666.315
663.853
664.485
669.066
668.361
665.064
665.246
668.818
670.443
666.087
665.842
668.653
672.911
667.006
666.336
668.531
676.684
667.873
666.763
668.434
686.214
668.731
667.145
668.352
676.492
669.617
667.498
668.279
673.989
670.577
667.835
668.213
672.542
671.678
668.163
668.15
671.527
673.037
668.494
668.088
670.737
674.92
668.836
668.025
670.081
678.23
669.2
667.961
669.506
686.392
669.6
667.894
668.983
676.941
670.057
667.821
668.489
674.056
670.602
667.74
668.006
672.207
671.289
667.65
667.521
670.772
672.226
667.545
667.017
669.538
673.669
667.421
666.478
668.394
676.536
667.268
665.88
667.268
683.343
667.072
665.188
666.092
673.789
666.805
664.347
664.78
670.069
666.413
663.25
663.193
667.02
665.762
661.657
661.005
663.631
664.401
658.765
656.984
657.639
658.294
647.156
653.428
658.023
668.024
659.958
659.625
661.915
678.227
663.279
662.063
663.597
671.831
665.53
663.635
664.628
670.446
667.421
664.825
665.356
669.782
669.233
665.812
665.917
669.378
671.18
666.683
666.373
669.098
673.597
667.492
666.762
668.887
677.517
668.274
667.106
668.717
683.968
669.064
667.419
668.573
676.403
669.896
667.713
668.445
673.994
670.812
667.997
668.329
672.55
671.881
668.278
668.218
671.513
673.226
668.563
668.111
670.693
675.134
668.862
668.004
670.001
678.649
669.184
667.895
669.387
684.084
669.542
667.78
668.82
676.476
669.956
667.658
668.277
673.685
670.459
667.523
667.739
671.83
671.104
667.37
667.19
670.353
672.003
667.193
666.61
669.052
673.433
666.981
665.975
667.817
676.451
666.715
665.252
666.562
680.673
666.364
664.386
665.197
672.55
665.866
663.278
663.585
668.623
665.08
661.705
661.427
664.924
663.568
658.969
657.677
659.258
658.329
644.416
651.931
657.826
664.271
659.209
659.337
662.13
671.745
662.65
661.875
663.827
678.19
664.865
663.457
664.828
672.68
666.654
664.63
665.518
671.133
668.293
665.586
666.038
670.33
669.95
666.416
666.455
669.817
671.808
667.173
666.804
669.451
674.204
667.894
667.109
669.168
678.33
668.607
667.382
668.936
682.616
669.339
667.636
668.738
676.283
670.122
667.876
668.56
673.956
671
668.111
668.397
672.514
672.04
668.347
668.242
671.457
673.374
668.588
668.09
670.606
675.315
668.844
667.938
669.877
679.078
669.122
667.783
669.221
682.485
669.436
667.618
668.607
675.983
669.805
667.441
668.01
673.265
670.259
667.245
667.41
671.391
670.853
667.021
666.787
669.86
671.704
666.757
666.114
668.474
673.107
666.433
665.358
667.116
676.29
666.017
664.467
665.682
678.427
665.443
663.346
664.032
671.022
664.571
661.79
661.889
666.575
662.992
659.187
658.354
660.959
658.379
649.957
649.549
657.593
661.857
658.483
659.067
662.436
668.024
662.088
661.722
664.136
674.096
664.293
663.318
665.096
678.138
666.012
664.477
665.738
673.269
667.532
665.405
666.212
671.648
669.003
666.198
666.584
670.754
670.552
666.911
666.891
670.162
672.349
667.578
667.154
669.727
674.749
668.226
667.388
669.385
679.145
668.879
667.6
669.1
681.641
669.56
667.8
668.852
676.132
670.301
667.991
668.628
673.878
671.143
668.18
668.42
672.436
672.158
668.371
668.221
671.357
673.483
668.569
668.025
670.475
675.462
668.781
667.827
669.707
679.528
669.014
667.622
669.007
681.205
669.28
667.404
668.341
675.454
669.597
667.166
667.683
672.787
669.995
666.899
667.01
670.88
670.527
666.589
666.296
669.275
671.311
666.216
665.505
667.776
672.663
665.746
664.588
666.249
676.018
665.114
663.452
664.544
676.207
664.184
661.911
662.4
668.95
662.582
659.421
659.032
662.914
658.443
652.182
643.087
657.28
659.902
657.763
658.811
662.865
665.886
661.581
661.603
664.545
670.15
663.794
663.218
665.444
675.959
665.466
664.364
666.026
678.071
666.9
665.267
666.443
673.69
668.242
666.027
666.765
672.039
669.594
666.699
667.025
671.083
671.064
667.319
667.244
670.43
672.819
667.911
667.436
669.939
675.243
668.497
667.608
669.545
679.988
669.097
667.766
669.212
680.862
669.733
667.916
668.919
675.952
670.433
668.061
668.651
673.76
671.242
668.205
668.4
672.316
672.233
668.352
668.156
671.215
673.551
668.505
667.914
670.299
675.575
668.67
667.667
669.489
680.02
668.855
667.409
668.739
680.09
669.068
667.131
668.014
674.879
669.325
666.823
667.286
672.241
669.655
666.472
666.525
670.282
670.107
666.056
665.696
668.576
670.798
665.54
664.749
666.917
672.054
664.862
663.598
665.135
675.564
663.891
662.066
662.97
673.661
662.287
659.674
659.729
665.478
658.522
653.597
647.491
656.76
658.114
657.029
658.565
663.476
664.335
661.119
661.519
665.087
668.023
663.357
663.157
665.893
671.679
664.998
664.292
666.393
677.617
666.368
665.17
666.741
677.988
667.615
665.898
667.003
673.994
668.83
666.533
667.21
672.335
670.093
667.11
667.381
671.334
671.503
667.654
667.528
670.632
673.231
668.183
667.657
670.093
675.695
668.714
667.774
669.653
680.896
669.266
667.883
669.276
680.196
669.859
667.986
668.94
675.742
670.522
668.086
668.63
673.603
671.299
668.185
668.335
672.155
672.266
668.287
668.046
671.028
673.578
668.394
667.756
670.075
675.652
668.51
667.456
669.219
680.581
668.64
667.138
668.412
679.06
668.792
666.791
667.619
674.246
668.979
666.401
666.805
671.612
669.222
665.945
665.934
669.573
669.568
665.39
664.954
667.721
670.118
664.674
663.783
665.824
671.193
663.674
662.258
663.612
674.759
662.079
659.948
660.458
669.997
658.616
654.655
651.55
655.491
656.31
656.257
658.326
664.378
663.089
660.695
661.473
665.818
666.538
662.974
663.136
666.474
669.502
664.594
664.261
666.86
672.894
665.916
665.115
667.119
679.223
667.089
665.812
667.307
677.89
668.202
666.412
667.453
674.208
669.321
666.949
667.57
672.553
670.514
667.448
667.667
671.52
671.878
667.926
667.751
670.777
673.59
668.399
667.825
670.196
676.111
668.881
667.892
669.714
681.919
669.389
667.953
669.296
679.597
669.942
668.011
668.917
675.501
670.568
668.066
668.564
673.407
671.313
668.121
668.224
671.95
672.255
668.176
667.888
670.794
673.561
668.233
667.546
669.799
675.691
668.294
667.188
668.89
681.263
668.363
666.802
668.018
678.062
668.443
666.374
667.142
673.541
668.541
665.882
666.221
670.877
668.673
665.291
665.203
668.715
668.865
664.543
664.009
666.643
669.189
663.52
662.485
664.346
669.894
661.939
660.244
661.239
673.039
658.726
655.521
653.892
648.858
654.29
655.416
658.089
665.837
662.029
660.303
661.466
666.844
665.387
662.636
663.157
667.242
668.022
664.246
664.271
667.458
670.64
665.53
665.101
667.595
673.918
666.646
665.768
667.69
680.913
667.68
666.332
667.76
677.775
668.691
666.832
667.815
674.352
669.734
667.289
667.857
672.708
670.872
667.722
667.892
671.648
672.199
668.143
667.92
670.87
673.904
668.565
667.944
670.251
676.496
669.002
667.963
669.73
683.152
669.467
667.979
669.271
679.038
669.98
667.992
668.851
675.228
670.57
668.002
668.454
673.169
671.282
668.01
668.067
671.699
672.198
668.015
667.679
670.509
673.497
668.017
667.279
669.466
675.689
668.016
666.855
668.495
