6.16444e+69
2.5517e+65
3.51311e+65
6.89797e+65
6.45943e+66
1.44596e+66
1.06207e+66
1.47412e+66
6.45717e+66
3.03498e+66
1.79804e+66
2.14958e+66
6.45338e+66
5.32665e+66
2.57884e+66
2.74991e+66
6.44802e+66
9.03275e+66
3.42896e+66
3.29855e+66
6.44104e+66
1.63025e+67
4.38129e+66
3.81288e+66
6.43239e+66
3.80703e+67
5.48307e+66
4.30673e+66
6.42195e+66
1.91679e+69
6.80672e+66
4.792e+66
6.40963e+66
4.51603e+67
8.47146e+66
5.27995e+66
6.39528e+66
2.47589e+67
1.06909e+67
5.78222e+66
6.37872e+66
1.77374e+67
1.38927e+67
6.3121e+66
6.35974e+66
1.41125e+67
1.9081e+67
6.88603e+66
6.33805e+66
1.18521e+67
2.93105e+67
7.52599e+66
6.31331e+66
1.02732e+67
6.04072e+67
8.26348e+66
6.28507e+66
9.0812e+66
1.32065e+69
9.14675e+66
6.25276e+66
8.12763e+66
5.47426e+67
1.02552e+67
6.21563e+66
7.32908e+66
2.74371e+67
1.17314e+67
6.17266e+66
6.63457e+66
1.79086e+67
1.38614e+67
6.12249e+66
6.01063e+66
1.29656e+67
1.73196e+67
6.06319e+66
5.43377e+66
9.87747e+66
2.41734e+67
5.99199e+66
4.88633e+66
7.71991e+66
4.5335e+67
5.9047e+66
4.35397e+66
6.09258e+66
5.74286e+68
5.79475e+66
3.82405e+66
4.7933e+66
3.05778e+67
5.65111e+66
3.28426e+66
3.70832e+66
1.31707e+67
5.45382e+66
2.72152e+66
2.76806e+66
7.01441e+66
5.16253e+66
2.12054e+66
1.92691e+66
3.80588e+66
4.68155e+66
1.462e+66
1.15291e+66
1.79796e+66
3.71517e+66
7.19743e+65
4.22146e+65
3.95084e+65
6.71842e+65
1.4411e+65
2.8465e+65
6.61679e+65
6.6814e+67
1.18797e+66
9.84363e+65
1.50342e+66
1.12599e+67
2.50858e+66
1.69321e+66
2.204e+66
8.91024e+66
4.28045e+66
2.42831e+66
2.80858e+66
8.06469e+66
6.85613e+66
3.20947e+66
3.34675e+66
7.61786e+66
1.10744e+67
4.06159e+66
3.83918e+66
7.33336e+66
1.95461e+67
5.01826e+66
4.30125e+66
7.12999e+66
4.66026e+67
6.128e+66
4.74525e+66
6.97223e+66
4.18232e+68
7.46562e+66
5.18184e+66
6.84199e+66
4.45907e+67
9.15507e+66
5.62115e+66
6.72895e+66
2.50557e+67
1.14203e+67
6.0737e+66
6.6267e+66
1.79574e+67
1.4715e+67
6.55158e+66
6.53092e+66
1.42133e+67
2.0123e+67
7.06981e+66
6.43843e+66
1.18507e+67
3.10453e+67
7.6486e+66
6.34673e+66
1.01878e+67
6.65322e+67
8.31702e+66
6.2536e+66
8.92569e+66
4.35723e+68
9.11986e+66
6.15693e+66
7.91209e+66
4.94369e+67
1.01313e+67
6.05445e+66
7.06075e+66
2.54477e+67
1.14858e+67
5.94357e+66
6.3186e+66
1.66224e+67
1.34559e+67
5.82104e+66
5.65062e+66
1.19463e+67
1.66962e+67
5.68258e+66
5.0321e+66
8.99028e+66
2.32766e+67
5.52219e+66
4.44437e+66
6.90925e+66
4.50383e+67
5.33104e+66
3.87217e+66
5.33119e+66
2.15904e+68
5.09525e+66
3.30197e+66
4.06615e+66
2.39294e+67
4.79167e+66
2.72053e+66
3.00642e+66
1.01607e+67
4.37811e+66
2.11365e+66
2.08571e+66
5.0346e+66
3.76845e+66
1.46466e+66
1.26029e+66
2.30712e+66
2.75499e+66
7.5241e+65
4.9938e+65
5.8066e+65
6.75121e+65
5.19553e+64
2.20182e+65
6.343e+65
6.34449e+66
9.90362e+65
9.17182e+65
1.55402e+66
6.64749e+67
2.12785e+66
1.60819e+66
2.28915e+66
1.52435e+67
3.57286e+66
2.30922e+66
2.90252e+66
1.10826e+67
5.52265e+66
3.03732e+66
3.43278e+66
9.51089e+66
8.38048e+66
3.81235e+66
3.9054e+66
8.66613e+66
1.31231e+67
4.65936e+66
4.33823e+66
8.12533e+66
2.28916e+67
5.61243e+66
4.74461e+66
7.73929e+66
5.64604e+67
6.72097e+66
5.13528e+66
7.44177e+66
2.49355e+68
8.06165e+66
5.51956e+66
7.19871e+66
4.36843e+67
9.76232e+66
5.90636e+66
6.99061e+66
2.50849e+67
1.2056e+67
6.305e+66
6.80535e+66
1.79883e+67
1.54204e+67
6.7262e+66
6.63482e+66
1.41687e+67
2.10179e+67
7.1834e+66
6.47314e+66
1.17308e+67
3.26174e+67
7.69471e+66
6.31573e+66
1.00023e+67
7.32719e+67
8.28635e+66
6.15872e+66
8.68348e+66
2.56068e+68
8.99891e+66
5.99844e+66
7.62024e+66
4.44228e+67
9.9001e+66
5.83118e+66
6.72454e+66
2.3364e+67
1.11135e+67
5.65271e+66
5.94187e+66
1.52391e+67
1.28932e+67
5.45789e+66
5.23607e+66
1.08474e+67
1.58599e+67
5.23999e+66
4.58148e+66
8.03983e+66
2.20442e+67
4.98968e+66
3.9586e+66
6.04867e+66
4.4164e+67
4.69317e+66
3.35144e+66
4.53084e+66
1.16759e+68
4.32885e+66
2.74566e+66
3.3093e+66
1.79875e+67
3.86043e+66
2.1272e+66
2.28285e+66
7.28219e+66
3.22131e+66
1.48084e+66
1.38884e+66
3.1077e+66
2.274e+66
7.88628e+65
5.85689e+65
8.42998e+65
6.80636e+65
2.76417e+64
1.56007e+65
6.06114e+65
2.67362e+66
8.33528e+65
8.58512e+65
1.63287e+66
1.49457e+67
1.84077e+66
1.53999e+66
2.41368e+66
6.59122e+67
3.0657e+66
2.21655e+66
3.03972e+66
1.85343e+67
4.62845e+66
2.90391e+66
3.56319e+66
1.29819e+67
6.74958e+66
3.6189e+66
4.01635e+66
1.07886e+67
9.88537e+66
4.38122e+66
4.42059e+66
9.58808e+66
1.51622e+67
5.21595e+66
4.79094e+66
8.81255e+66
2.63292e+67
6.1573e+66
5.13869e+66
8.25658e+66
6.80746e+67
7.25522e+66
5.47297e+66
7.82758e+66
1.82641e+68
8.5876e+66
5.80171e+66
7.47747e+66
4.24873e+67
1.02853e+67
6.13253e+66
7.17856e+66
2.48669e+67
1.25888e+67
6.47345e+66
6.91357e+66
1.78398e+67
1.59973e+67
6.8337e+66
6.67089e+66
1.39847e+67
2.1749e+67
7.22492e+66
6.44214e+66
1.14972e+67
3.40017e+67
7.66284e+66
6.22081e+66
9.72081e+66
8.08669e+67
8.17035e+66
6.0014e+66
8.35856e+66
1.77206e+68
8.78308e+66
5.77881e+66
7.25609e+66
3.96553e+67
9.56089e+66
5.54782e+66
6.32458e+66
2.12071e+67
1.06139e+67
5.30263e+66
5.50868e+66
1.37753e+67
1.21714e+67
5.03616e+66
4.77147e+66
9.6821e+66
1.48046e+67
4.73919e+66
4.08661e+66
7.03691e+66
2.04495e+67
4.3989e+66
3.43399e+66
5.14757e+66
4.25568e+67
3.99633e+66
2.79698e+66
3.70003e+66
6.96149e+67
3.50169e+66
2.16061e+66
2.5306e+66
1.26527e+67
2.86458e+66
1.51008e+66
1.545e+66
4.54451e+66
1.99177e+66
8.29252e+65
6.84475e+65
1.24715e+66
6.88465e+65
9.90072e+64
9.01459e+64
5.74559e+65
1.53343e+66
7.05241e+65
8.06734e+65
1.75214e+66
6.34394e+66
1.61734e+66
1.4865e+66
2.5918e+66
2.56801e+67
2.68699e+66
2.14686e+66
3.23294e+66
6.5129e+67
3.99222e+66
2.80336e+66
3.74836e+66
2.12254e+67
5.66483e+66
3.47128e+66
4.17998e+66
1.46158e+67
7.94896e+66
4.16707e+66
4.55392e+66
1.18956e+67
1.13561e+67
4.91016e+66
4.88752e+66
1.03801e+67
1.71739e+67
5.72537e+66
5.19303e+66
9.39166e+66
2.98499e+67
6.6468e+66
5.4797e+66
8.67905e+66
8.21236e+67
7.72445e+66
5.75497e+66
8.12749e+66
1.45898e+68
9.0368e+66
6.02539e+66
7.67672e+66
4.1038e+67
1.07166e+67
6.2972e+66
7.29186e+66
2.44214e+67
1.301e+67
6.57701e+66
6.95096e+66
1.75222e+67
1.64346e+67
6.87246e+66
6.63925e+66
1.36683e+67
2.22997e+67
7.19316e+66
6.34606e+66
1.11554e+67
3.51712e+67
7.55221e+66
6.06307e+66
9.34833e+66
8.9706e+67
7.96869e+66
5.78326e+66
7.95565e+66
1.31985e+68
8.47249e+66
5.50011e+66
6.82431e+66
3.51047e+67
9.11412e+66
5.20699e+66
5.86557e+66
1.89969e+67
9.9874e+66
4.89648e+66
5.02383e+66
1.22474e+67
1.12901e+67
4.55958e+66
4.26176e+66
8.46332e+66
1.35249e+67
4.18452e+66
3.55262e+66
5.99248e+66
1.84621e+67
3.75491e+66
2.87584e+66
4.21553e+66
3.99742e+67
3.24641e+66
2.21434e+66
2.84739e+66
4.17568e+67
2.62059e+66
1.55262e+66
1.738e+66
7.8519e+66
1.81205e+66
8.75238e+65
8.00282e+65
1.95636e+66
6.98719e+65
1.6529e+65
2.03552e+64
5.34617e+65
9.77766e+65
5.9743e+65
7.60511e+65
1.9344e+66
3.87805e+66
1.43903e+66
1.44636e+66
2.84781e+66
1.0352e+67
2.39562e+66
2.09793e+66
3.5028e+66
3.94387e+67
3.52056e+66
2.73176e+66
4.00462e+66
6.41302e+67
4.89805e+66
3.36273e+66
4.40874e+66
2.33891e+67
6.67139e+66
4.00555e+66
4.74735e+66
1.59919e+67
9.10838e+66
4.67616e+66
5.04059e+66
1.28311e+67
1.27775e+67
5.39353e+66
5.30189e+66
1.10399e+67
1.91399e+67
6.18202e+66
5.54075e+66
9.86031e+66
3.34454e+67
7.07527e+66
5.76437e+66
9.00484e+66
9.97329e+67
8.12288e+66
5.97852e+66
8.34017e+66
1.21948e+68
9.40316e+66
6.18827e+66
7.79572e+66
3.93695e+67
1.10495e+67
6.39849e+66
7.33026e+66
2.37677e+67
1.33117e+67
6.61426e+66
6.91778e+66
1.70463e+67
1.67217e+67
6.84151e+66
6.54067e+66
1.32271e+67
2.26537e+67
7.08765e+66
6.18615e+66
1.07117e+67
3.60966e+67
7.36283e+66
5.84424e+66
8.89049e+66
1.00451e+68
7.68188e+66
5.50648e+66
7.48009e+66
1.02105e+68
8.0681e+66
5.16503e+66
6.33011e+66
3.0752e+67
8.56118e+66
4.81185e+66
5.35273e+66
1.67529e+67
9.23546e+66
4.43797e+66
4.49259e+66
1.06714e+67
1.02497e+67
4.03244e+66
3.71231e+66
7.20413e+66
1.20161e+67
3.58092e+66
2.98499e+66
4.91756e+66
1.6047e+67
3.06336e+66
2.2898e+66
3.2622e+66
3.60091e+67
2.44989e+66
1.60933e+66
1.9816e+66
2.32333e+67
1.69305e+66
9.27698e+65
9.39458e+65
3.53032e+66
7.11547e+65
2.2895e+65
5.61139e+64
4.74243e+65
6.47755e+65
5.045e+65
7.18683e+65
2.2262e+66
2.71329e+66
1.2938e+66
1.4188e+66
3.22622e+66
6.34302e+66
2.16641e+66
2.06857e+66
3.88425e+66
1.47188e+67
3.16056e+66
2.68674e+66
4.35823e+66
5.77706e+67
4.333e+66
3.28886e+66
4.72208e+66
6.29218e+67
5.77383e+66
3.88903e+66
5.01511e+66
2.50827e+67
7.63749e+66
4.50125e+66
5.26028e+66
1.7118e+67
1.02154e+67
5.14086e+66
5.47201e+66
1.35951e+67
1.41345e+67
5.82614e+66
5.65993e+66
1.15661e+67
2.10413e+67
6.58077e+66
5.83088e+66
1.02172e+67
3.71093e+67
7.43759e+66
5.98998e+66
9.233e+66
1.22907e+68
8.4453e+66
6.14137e+66
8.46516e+66
1.04617e+68
9.68124e+66
6.28862e+66
7.83445e+66
3.7511e+67
1.12781e+67
6.43512e+66
7.29426e+66
2.29247e+67
1.34868e+67
6.58442e+66
6.81501e+66
1.64239e+67
1.68489e+67
6.74055e+66
6.37657e+66
1.26698e+67
2.27944e+67
6.9086e+66
5.96427e+66
1.01731e+67
3.67453e+67
7.09545e+66
5.56662e+66
8.3536e+66
1.14311e+68
7.31121e+66
5.17384e+66
6.93781e+66
8.05345e+67
7.57181e+66
4.7768e+66
5.77924e+66
2.65856e+67
7.90448e+66
4.36614e+66
4.79172e+66
1.44936e+67
8.36075e+66
3.93135e+66
3.92061e+66
9.06322e+66
9.05212e+66
3.45956e+66
3.12883e+66
5.91749e+66
1.02745e+67
2.93385e+66
2.3895e+66
3.82313e+66
1.31626e+67
2.33045e+66
1.68175e+66
2.2972e+66
2.99134e+67
1.61382e+66
9.87987e+65
1.11129e+66
9.99279e+66
7.27142e+65
2.92055e+65
1.4288e+65
3.54077e+65
4.276e+65
4.22386e+65
6.80185e+65
2.7401e+66
2.03678e+66
1.17347e+66
1.40366e+66
3.81729e+66
4.50571e+66
1.98315e+66
2.05856e+66
4.4406e+66
8.91717e+66
2.88008e+66
2.66727e+66
4.8533e+66
1.94714e+67
3.90437e+66
3.24713e+66
5.15109e+66
8.36253e+67
5.11589e+66
3.81262e+66
5.37932e+66
6.15109e+67
6.61026e+66
4.37694e+66
5.56231e+66
2.63534e+67
8.55262e+66
4.95329e+66
5.71435e+66
1.80026e+67
1.12575e+67
5.55623e+66
5.84441e+66
1.41891e+67
1.54114e+67
6.20321e+66
5.95847e+66
1.19586e+67
2.28584e+67
6.91697e+66
6.06077e+66
1.04621e+67
4.08371e+67
7.72919e+66
6.15443e+66
9.36348e+66
1.55575e+68
8.68714e+66
6.24191e+66
8.50279e+66
9.11467e+67
9.86631e+66
6.32529e+66
7.79369e+66
3.5489e+67
1.13972e+67
6.40647e+66
7.18505e+66
2.19111e+67
1.3529e+67
6.48733e+66
6.64426e+66
1.56671e+67
1.68071e+67
6.56997e+66
6.14897e+66
1.20054e+67
2.27057e+67
6.65693e+66
5.68288e+66
9.5473e+66
3.70807e+67
6.75159e+66
5.2331e+66
7.74456e+66
1.33739e+68
6.85885e+66
4.78864e+66
6.33527e+66
6.40017e+67
6.98639e+66
4.33918e+66
5.1779e+66
2.25994e+67
7.14742e+66
3.87409e+66
4.18861e+66
1.2237e+67
7.36705e+66
3.38136e+66
3.31391e+66
7.43826e+66
7.70036e+66
2.84624e+66
2.5173e+66
4.61618e+66
8.29691e+66
2.24924e+66
1.77219e+66
2.72007e+66
9.75803e+66
1.56285e+66
1.05779e+66
1.33007e+66
2.01348e+67
7.45748e+65
3.56502e+65
2.45029e+65
7.68821e+64
2.68523e+65
3.47992e+65
6.43959e+65
3.83414e+66
1.59544e+66
1.07229e+66
1.40145e+66
4.83492e+66
3.45677e+66
1.83494e+66
2.06863e+66
5.29869e+66
6.34172e+66
2.65854e+66
2.67356e+66
5.56908e+66
1.15884e+67
3.57276e+66
3.23659e+66
5.74765e+66
2.46466e+67
4.61935e+66
3.77357e+66
5.87512e+66
1.23387e+68
5.86094e+66
4.2978e+66
5.97101e+66
5.9906e+67
7.39824e+66
4.8215e+66
6.04583e+66
2.72408e+67
9.40641e+66
5.35696e+66
6.10574e+66
1.86545e+67
1.22226e+67
5.91781e+66
6.1546e+66
1.46158e+67
1.65929e+67
6.5205e+66
6.19491e+66
1.22185e+67
2.4571e+67
7.18655e+66
6.22838e+66
1.05956e+67
4.46277e+67
7.94614e+66
6.25618e+66
9.39716e+66
2.06611e+68
8.84452e+66
6.27913e+66
8.45423e+66
8.01246e+67
9.9544e+66
6.29779e+66
7.67495e+66
3.33283e+67
1.14024e+67
6.31253e+66
7.00453e+66
2.07455e+67
1.34329e+67
6.32354e+66
6.40779e+66
1.47886e+67
1.65884e+67
6.33085e+66
5.86055e+66
1.12437e+67
2.23712e+67
6.33431e+66
5.34501e+66
8.84263e+66
3.70601e+67
6.33353e+66
4.8471e+66
7.07079e+66
