0
-1.70218e+65
-3.49179e+65
-5.61395e+65
-1.41266e+66
-7.0563e+65
-1.00452e+66
-1.35801e+66
-2.75596e+66
-8.6588e+65
-1.53175e+66
-2.11521e+66
-3.964e+66
-3.66396e+65
-1.84836e+66
-2.74755e+66
-4.97761e+66
1.36448e+66
-1.87524e+66
-3.18609e+66
-5.74729e+66
5.92743e+66
-1.53586e+66
-3.37784e+66
-6.23572e+66
2.1263e+67
-7.52524e+65
-3.28608e+66
-6.41953e+66
-1.39237e+69
5.62952e+65
-2.89043e+66
-6.29057e+66
-3.87983e+67
2.53001e+66
-2.18664e+66
-5.85624e+66
-2.35272e+67
5.34693e+66
-1.18567e+66
-5.13911e+66
-1.76552e+67
9.41106e+66
8.81144e+64
-4.17588e+66
-1.40038e+67
1.56825e+67
1.59961e+66
-3.01545e+66
-1.1155e+67
2.71584e+67
3.30684e+66
-1.71654e+66
-8.67576e+66
5.95856e+67
5.1664e+66
-3.4475e+65
-6.41984e+66
-1.31863e+69
7.1414e+66
1.03073e+66
-4.34945e+66
-5.26731e+67
9.21438e+66
2.34055e+66
-2.47314e+66
-2.41266e+67
1.14118e+67
3.51869e+66
-8.18734e+65
-1.35015e+67
1.38601e+67
4.50572e+66
5.80681e+65
-7.67543e+66
1.69499e+67
5.25185e+66
1.69504e+66
-3.96476e+66
2.19981e+67
5.71939e+66
2.50267e+66
-1.47737e+66
3.61464e+67
5.88471e+66
2.99386e+66
1.70083e+65
-3.71e+68
5.73953e+66
3.17304e+66
1.17845e+66
-1.41711e+67
5.29156e+66
3.06006e+66
1.67574e+66
-3.40373e+66
4.56455e+66
2.69049e+66
1.7606e+66
-2.86947e+65
3.59826e+66
2.11544e+66
1.52111e+66
6.79717e+65
2.44985e+66
1.40104e+66
1.04286e+66
7.00223e+65
1.20472e+66
6.28054e+65
4.11971e+65
2.29725e+65
7.35931e+64
-1.07314e+65
-2.8465e+65
-4.93155e+65
-7.38253e+66
-6.89827e+65
-9.6043e+65
-1.3126e+66
-3.66147e+66
-9.74757e+65
-1.53089e+66
-2.1127e+66
-4.67002e+66
-7.60427e+65
-1.91548e+66
-2.80202e+66
-5.6266e+66
2.87052e+65
-2.03898e+66
-3.30811e+66
-6.37973e+66
2.87225e+66
-1.8319e+66
-3.57575e+66
-6.86924e+66
9.07518e+66
-1.22908e+66
-3.56669e+66
-7.06298e+66
3.01404e+67
-1.65189e+65
-3.25959e+66
-6.94807e+66
-3.33706e+68
1.43575e+66
-2.64975e+66
-6.52875e+66
-4.05959e+67
3.68285e+66
-1.74836e+66
-5.82529e+66
-2.45257e+67
6.76949e+66
-5.80968e+65
-4.87247e+66
-1.79555e+67
1.11031e+67
8.14737e+65
-3.71775e+66
-1.38229e+67
1.77042e+67
2.39205e+66
-2.41872e+66
-1.06429e+67
2.98798e+67
4.09931e+66
-1.04021e+66
-7.94808e+66
6.64338e+67
5.88526e+66
3.49021e+65
-5.57372e+66
-4.29727e+68
7.70645e+66
1.67971e+66
-3.46966e+66
-4.57891e+67
9.53875e+66
2.88564e+66
-1.6336e+66
-2.09012e+67
1.13987e+67
3.90692e+66
-8.2137e+64
-1.12485e+67
1.33923e+67
4.69312e+66
1.164e+66
-5.96485e+66
1.58605e+67
5.2058e+66
2.0884e+66
-2.67672e+66
1.99861e+67
5.42064e+66
2.68414e+66
-5.64818e+65
3.26863e+67
5.32889e+66
2.95691e+66
7.36751e+65
-1.20414e+68
4.93826e+66
2.9267e+66
1.42905e+66
-8.6791e+66
4.27349e+66
2.62845e+66
1.64658e+66
-1.52522e+66
3.37705e+66
2.11192e+66
1.49631e+66
3.51131e+65
2.31193e+66
1.44099e+66
1.07427e+66
6.60345e+65
1.17345e+66
6.92863e+65
4.72473e+65
2.8385e+65
1.47014e+65
-4.22551e+64
-2.18868e+65
-4.23581e+65
6.0936e+63
-6.59939e+65
-9.11517e+65
-1.26561e+66
-1.46002e+67
-1.03661e+66
-1.52054e+66
-2.10969e+66
-6.51927e+66
-1.01605e+66
-1.96606e+66
-2.85659e+66
-6.81591e+66
-3.74586e+65
-2.17494e+66
-3.4297e+66
-7.34782e+66
1.2739e+66
-2.08185e+66
-3.77127e+66
-7.73647e+66
4.78319e+66
-1.62915e+66
-3.84131e+66
-7.87881e+66
1.28036e+67
-7.64938e+65
-3.61724e+66
-7.73658e+66
4.10504e+67
5.62293e+65
-3.09355e+66
-7.30217e+66
-2.1435e+68
2.41501e+66
-2.28105e+66
-6.58916e+66
-4.1524e+67
4.89063e+66
-1.20557e+66
-5.62811e+66
-2.4971e+67
8.17542e+66
9.40703e+64
-4.46355e+66
-1.78476e+67
1.26823e+67
1.56877e+66
-3.15104e+66
-1.33307e+67
1.94822e+67
3.16251e+66
-1.75401e+66
-9.90068e+66
3.21789e+67
4.81657e+66
-3.40375e+65
-7.06418e+66
7.31558e+67
6.47461e+66
1.02106e+66
-4.63987e+66
-2.46321e+68
8.08937e+66
2.26411e+66
-2.5645e+66
-3.90425e+67
9.63258e+66
3.32863e+66
-8.23426e+65
-1.75997e+67
1.11127e+67
4.16367e+66
5.79718e+65
-9.00951e+66
1.26154e+67
4.73016e+66
1.63814e+66
-4.34456e+66
1.44264e+67
5.0031e+66
2.35031e+66
-1.53101e+66
1.75635e+67
4.97318e+66
2.72475e+66
1.74665e+65
2.84984e+67
4.64782e+66
2.78269e+66
1.11814e+66
-5.4012e+67
4.05197e+66
2.55918e+66
1.49826e+66
-4.63186e+66
3.22894e+66
2.10325e+66
1.45368e+66
-2.90913e+65
2.24302e+66
1.47718e+66
1.09717e+66
5.57961e+65
1.18812e+66
7.55526e+65
5.30023e+65
3.29055e+65
2.20091e+65
2.41074e+64
-1.5228e+65
-3.52903e+65
-2.90313e+65
-6.20167e+65
-8.58511e+65
-1.21804e+66
1.66567e+66
-1.06745e+66
-1.50222e+66
-2.10845e+66
-2.1493e+67
-1.18852e+66
-2.00316e+66
-2.91464e+66
-9.7293e+66
-8.17876e+65
-2.28893e+66
-3.5551e+66
-9.06621e+66
2.89068e+65
-2.2964e+66
-3.96939e+66
-9.04079e+66
2.57304e+66
-1.97231e+66
-4.11572e+66
-8.98449e+66
7.05263e+66
-1.27264e+66
-3.97018e+66
-8.73089e+66
1.70478e+67
-1.60067e+65
-3.52627e+66
-8.2273e+66
5.43559e+67
1.40212e+66
-2.7941e+66
-7.46697e+66
-1.66351e+68
3.46212e+66
-1.79922e+66
-6.46968e+66
-4.15969e+67
6.10463e+66
-5.80732e+65
-5.27357e+66
-2.48639e+67
9.50673e+66
8.11189e+65
-3.93012e+66
-1.73458e+67
1.40817e+67
2.31834e+66
-2.50011e+66
-1.25535e+67
2.09381e+67
3.87809e+66
-1.04974e+66
-8.96274e+66
3.39532e+67
5.42754e+66
3.53156e+65
-6.06295e+66
7.97413e+67
6.90828e+66
1.64283e+66
-3.65824e+66
-1.64066e+68
8.27218e+66
2.75914e+66
-1.67202e+66
-3.25488e+67
9.4895e+66
3.6508e+66
-7.61406e+64
-1.43359e+67
1.05628e+67
4.27817e+66
1.13993e+66
-6.86663e+66
1.15586e+67
4.61555e+66
1.9844e+66
-2.87382e+66
1.27044e+67
4.6529e+66
2.47121e+66
-5.68518e+65
1.48276e+67
4.397e+66
2.62443e+66
7.16272e+65
2.37009e+67
3.87225e+66
2.48034e+66
1.3037e+66
-2.51867e+67
3.12149e+66
2.08802e+66
1.38801e+66
-1.88727e+66
2.20783e+66
1.5089e+66
1.10943e+66
3.21304e+65
1.22043e+66
8.15706e+65
5.8379e+65
3.58108e+65
2.92645e+65
9.11345e+64
-8.53169e+64
-2.81348e+65
-3.32483e+65
-5.73177e+65
-8.02006e+65
-1.17131e+66
1.21861e+64
-1.07657e+66
-1.47716e+66
-2.11224e+66
5.66431e+66
-1.30675e+66
-2.02918e+66
-2.9807e+66
-2.79106e+67
-1.13163e+66
-2.38535e+66
-3.68969e+66
-1.30699e+67
-3.78802e+65
-2.48335e+66
-4.17606e+66
-1.13006e+67
1.21586e+66
-2.2722e+66
-4.39638e+66
-1.06247e+67
4.14927e+66
-1.71242e+66
-4.3255e+66
-1.00676e+67
9.61928e+66
-7.74883e+65
-3.95588e+66
-9.3886e+66
2.17225e+67
5.62448e+65
-3.29683e+66
-8.51463e+66
7.06351e+67
2.32108e+66
-2.3733e+66
-7.43615e+66
-1.38727e+68
4.53468e+66
-1.2242e+66
-6.17612e+66
-4.08555e+67
7.27466e+66
1.00001e+65
-4.77735e+66
-2.42274e+67
1.0707e+67
1.54011e+66
-3.2953e+66
-1.64802e+67
1.52397e+67
3.03154e+66
-1.79289e+66
-1.15288e+67
2.20034e+67
4.508e+66
-3.35923e+65
-7.871e+66
3.51135e+67
5.9055e+66
1.01095e+66
-4.98753e+66
8.62677e+67
7.16663e+66
2.18803e+66
-2.67019e+66
-1.15939e+68
8.24542e+66
3.14398e+66
-8.29138e+65
-2.64215e+67
9.11351e+66
3.83874e+66
5.7788e+65
-1.12164e+67
9.77023e+66
4.24595e+66
1.57632e+66
-4.89446e+66
1.02651e+67
4.35475e+66
2.18981e+66
-1.60368e+66
1.07679e+67
4.17101e+66
2.44778e+66
1.78795e+65
1.18998e+67
3.71813e+66
2.38934e+66
1.04425e+66
1.84577e+67
3.03766e+66
2.06471e+66
1.29157e+66
-1.07138e+67
2.19054e+66
1.53536e+66
1.10802e+66
-3.06137e+65
1.26049e+66
8.73018e+65
6.32688e+65
3.53095e+65
3.64495e+65
1.58307e+65
-1.84289e+64
-2.09154e+65
-3.15282e+65
-5.20761e+65
-7.42498e+65
-1.12779e+66
-4.17393e+65
-1.06975e+66
-1.44635e+66
-2.12614e+66
1.1636e+66
-1.38733e+66
-2.04604e+66
-3.06149e+66
1.28962e+67
-1.36175e+66
-2.46764e+66
-3.84091e+66
-3.37167e+67
-8.60885e+65
-2.6486e+66
-4.39901e+66
-1.63503e+67
2.9212e+65
-2.53878e+66
-4.69114e+66
-1.34095e+67
2.37925e+66
-2.10107e+66
-4.69119e+66
-1.20276e+67
5.95428e+66
-1.31095e+66
-4.39075e+66
-1.0939e+67
1.24068e+67
-1.54774e+65
-3.79829e+66
-9.82455e+66
2.67247e+67
1.37401e+66
-2.9381e+66
-8.5874e+66
9.08771e+67
3.2819e+66
-1.84859e+66
-7.2121e+66
-1.19416e+68
5.58834e+66
-5.80093e+65
-5.72186e+66
-3.93642e+67
8.35125e+66
8.07892e+65
-4.1612e+66
-2.31042e+67
1.17238e+67
2.24987e+66
-2.58648e+66
-1.52946e+67
1.61026e+67
3.67783e+66
-1.0596e+66
-1.03033e+67
2.26225e+67
5.02495e+66
3.5712e+65
-6.67291e+66
3.55884e+67
6.22927e+66
1.6052e+66
-3.88336e+66
9.29658e+67
7.23751e+66
2.63376e+66
-1.71664e+66
-8.37507e+67
8.0088e+66
3.40263e+66
-7.01278e+64
-2.07665e+67
8.51912e+66
3.88494e+66
1.11269e+66
-8.33693e+66
8.76767e+66
4.06903e+66
1.87234e+66
-3.15767e+66
8.79063e+66
3.95975e+66
2.24771e+66
-5.7513e+65
8.70476e+66
3.57928e+66
2.28313e+66
6.88943e+65
8.92417e+66
2.96752e+66
2.03159e+66
1.15236e+66
1.29958e+67
2.18282e+66
1.55565e+66
1.08848e+66
-3.44341e+66
1.30386e+66
9.2701e+65
6.75234e+65
2.52982e+65
4.3545e+65
2.2517e+65
4.78878e+64
-1.36611e+65
-2.74777e+65
-4.64194e+65
-6.80406e+65
-1.09199e+66
-5.85759e+65
-1.05079e+66
-1.41063e+66
-2.15905e+66
1.82765e+64
-1.44051e+66
-2.05535e+66
-3.16771e+66
3.26032e+66
-1.5344e+66
-2.53862e+66
-4.01981e+66
2.48073e+67
-1.22423e+66
-2.7968e+66
-4.64896e+66
-3.87928e+67
-3.80557e+65
-2.7796e+66
-5.01019e+66
-1.94087e+67
1.17546e+66
-2.4508e+66
-5.07699e+66
-1.52965e+67
3.74162e+66
-1.78825e+66
-4.84034e+66
-1.3189e+67
7.92811e+66
-7.82977e+65
-4.30803e+66
-1.15626e+67
1.53261e+67
5.63159e+65
-3.50364e+66
-1.00218e+67
3.19361e+67
2.24169e+66
-2.46498e+66
-8.44404e+66
1.16902e+68
4.24487e+66
-1.24199e+66
-6.80561e+66
-1.04161e+68
6.57868e+66
1.05904e+65
-5.12715e+66
-3.72085e+67
9.28783e+66
1.51289e+66
-3.45189e+66
-2.15539e+67
1.25111e+67
2.91015e+66
-1.83405e+66
-1.38446e+67
1.66276e+67
4.22939e+66
-3.31422e+65
-8.93088e+66
2.27558e+67
5.40636e+66
1.00012e+66
-5.41928e+66
3.53272e+67
6.38426e+66
2.11101e+66
-2.79619e+66
1.00361e+68
7.11688e+66
2.96155e+66
-8.36314e+65
-6.05633e+67
7.57138e+66
3.52469e+66
5.74898e+65
-1.56765e+67
7.73102e+66
3.78816e+66
1.50786e+66
-5.77939e+66
7.59838e+66
3.75586e+66
2.01774e+66
-1.7088e+66
7.20164e+66
3.44865e+66
2.15796e+66
1.82239e+65
6.61492e+66
2.90472e+66
1.98655e+66
9.50601e+65
6.06652e+66
2.17981e+66
1.56869e+66
1.04397e+66
7.6473e+66
1.34813e+66
9.77146e+65
7.09298e+65
-3.80017e+65
5.0531e+65
2.91294e+65
1.13042e+65
-6.42404e+64
-2.22712e+65
-4.04423e+65
-6.16093e+65
-1.07441e+66
-6.54911e+65
-1.02232e+66
-1.37071e+66
-2.22853e+66
-4.80646e+65
-1.47297e+66
-2.05854e+66
-3.31814e+66
1.01082e+66
-1.66563e+66
-2.60073e+66
-4.24411e+66
6.3847e+66
-1.50675e+66
-2.93184e+66
-4.94191e+66
4.40345e+67
-8.94335e+65
-3.00069e+66
-5.36779e+66
-4.30419e+67
2.95787e+65
-2.77092e+66
-5.49563e+66
-2.21116e+67
2.242e+66
-2.22133e+66
-5.31624e+66
-1.68813e+67
5.25553e+66
-1.34531e+66
-4.83689e+66
-1.40613e+67
1.00012e+67
-1.49348e+65
-4.08048e+66
-1.19143e+67
1.82783e+67
1.34978e+66
-3.08417e+66
-9.97407e+66
3.72271e+67
3.12963e+66
-1.89736e+66
-8.09247e+66
1.52376e+68
5.16951e+66
-5.79152e+65
-6.23529e+66
-9.11331e+67
7.46318e+66
8.04677e+65
-4.41811e+66
-3.44903e+67
1.00428e+67
2.18497e+66
-2.68001e+66
-1.96502e+67
1.30316e+67
3.49269e+66
-1.07008e+66
-1.21945e+67
1.67849e+67
4.66238e+66
3.6087e+65
-7.46982e+66
2.23824e+67
5.63546e+66
1.56613e+66
-4.162e+66
3.43041e+67
6.36321e+66
2.50742e+66
-1.77009e+66
1.09625e+68
6.80923e+66
3.15813e+66
-6.41006e+64
-4.31743e+67
6.95141e+66
3.50577e+66
1.08121e+66
-1.12276e+67
6.78323e+66
3.5535e+66
1.74931e+66
-3.6097e+66
6.31469e+66
3.32102e+66
2.00901e+66
-5.867e+65
5.57322e+66
2.84484e+66
1.92696e+66
6.51109e+65
4.6075e+66
2.17833e+66
1.57313e+66
9.63302e+65
3.51298e+66
1.3918e+66
1.02277e+66
7.31668e+65
2.96505e+66
5.73861e+65
3.56251e+65
1.76278e+65
5.583e+63
-1.64126e+65
-3.42187e+65
-5.49879e+65
-1.10799e+66
-6.75398e+65
-9.86218e+65
-1.32724e+66
-2.37564e+66
-7.43023e+65
-1.48927e+66
-2.05694e+66
-3.54977e+66
2.43637e+64
-1.76583e+66
-2.65618e+66
-4.54483e+66
2.57778e+66
-1.73152e+66
-3.05713e+66
-5.30347e+66
1.06049e+67
-1.30088e+66
-3.20707e+66
-5.78515e+66
7.61642e+67
-3.80681e+65
-3.06888e+66
-5.9649e+66
-4.63909e+67
1.14566e+66
-2.62128e+66
-5.83364e+66
-2.43539e+67
3.45372e+66
-1.8586e+66
-5.39817e+66
-1.81016e+67
6.86543e+66
-7.89664e+65
-4.6807e+66
-1.46117e+67
1.20969e+67
5.6424e+65
-3.71762e+66
-1.19825e+67
2.11577e+67
2.17261e+66
-2.55763e+66
-9.68614e+66
4.24606e+67
4.00058e+66
-1.25932e+66
-7.54953e+66
2.05729e+68
6.01633e+66
1.11774e+65
-5.52661e+66
-7.94687e+67
8.20313e+66
1.48649e+66
-3.62555e+66
-3.13246e+67
1.05816e+67
2.79542e+66
-1.87857e+66
-1.74768e+67
1.32586e+67
3.97246e+66
-3.26899e+65
-1.04143e+67
1.65593e+67
4.95802e+66
9.88275e+65
-5.98049e+66
2.15019e+67
5.70207e+66
2.03172e+66
-2.95188e+66
3.25204e+67
6.16657e+66
2.77834e+66
-8.45602e+65
