4.13646e-13
0.100362
0.19971
0.297042
0.391374
0.481754
0.567269
0.647056
0.720309
0.786288
0.844328
0.893841
0.934329
0.965382
0.986686
0.998027
0.999289
0.990461
0.971632
0.942991
0.904827
0.857527
0.801567
0.737513
0.666012
0.587785
0.503623
0.414376
0.320944
0.224271
0.125333
0.0251301
-0.0753268
-0.175023
-0.272952
-0.368125
-0.45958
-0.546394
-0.627691
-0.70265
-0.770513
-0.830596
-0.882291
-0.925077
-0.958522
-0.982287
-0.996134
-0.999921
-0.993611
-0.977268
-0.951057
-0.915241
-0.870184
-0.816339
-0.754251
-0.684547
-0.60793
-0.525175
-0.437116
-0.344643
-0.24869
-0.150226
-0.0502443
0.0502443
0.150226
0.24869
0.344643
0.437116
0.525175
0.60793
0.684547
0.754251
0.816339
0.870184
0.915241
0.951057
0.977268
0.993611
0.999921
0.996134
0.982287
0.958522
0.925077
0.882291
0.830596
0.770513
0.70265
0.627691
0.546394
0.45958
0.368125
0.272952
0.175023
0.0753268
-0.0251301
-0.125333
-0.224271
-0.320944
-0.414376
-0.503623
-0.587785
-0.666012
-0.737513
-0.801567
-0.857527
-0.904827
-0.942991
-0.971632
-0.990461
-0.999289
-0.998027
-0.986686
-0.965382
-0.934329
-0.893841
-0.844328
-0.786288
-0.720309
-0.647056
-0.567269
-0.481754
-0.391374
-0.297042
-0.19971
-0.100362
1.24982e-12
0.100362
0.19971
0.297042
0.391374
0.481754
0.567269
0.647056
0.720309
0.786288
0.844328
0.893841
0.934329
0.965382
0.986686
0.998027
0.999289
0.990461
0.971632
0.942991
0.904827
0.857527
0.801567
0.737513
0.666012
0.587785
0.503623
0.414376
0.320944
0.224271
0.125333
0.0251301
-0.0753268
-0.175023
-0.272952
-0.368125
-0.45958
-0.546394
-0.627691
-0.70265
-0.770513
-0.830596
-0.882291
-0.925077
-0.958522
-0.982287
-0.996134
-0.999921
-0.993611
-0.977268
-0.951057
-0.915241
-0.870184
-0.816339
-0.754251
-0.684547
-0.60793
-0.525175
-0.437116
-0.344643
-0.24869
-0.150226
-0.0502443
0.0502443
0.150226
0.24869
0.344643
0.437116
0.525175
0.60793
0.684547
0.754251
0.816339
0.870184
0.915241
0.951057
0.977268
0.993611
0.999921
0.996134
0.982287
0.958522
0.925077
0.882291
0.830596
0.770513
0.70265
0.627691
0.546394
0.45958
0.368125
0.272952
0.175023
0.0753268
-0.0251301
-0.125333
-0.224271
-0.320944
-0.414376
-0.503623
-0.587785
-0.666012
-0.737513
-0.801567
-0.857527
-0.904827
-0.942991
-0.971632
-0.990461
-0.999289
-0.998027
-0.986686
-0.965382
-0.934329
-0.893841
-0.844328
-0.786288
-0.720309
-0.647056
-0.567269
-0.481754
-0.391374
-0.297042
-0.19971
-0.100362
2.08777e-12
0.100362
0.19971
0.297042
0.391374
0.481754
0.567269
0.647056
0.720309
0.786288
0.844328
0.893841
0.934329
0.965382
0.986686
0.998027
0.999289
0.990461
0.971632
0.942991
0.904827
0.857527
0.801567
0.737513
0.666012
0.587785
0.503623
0.414376
0.320944
0.224271
0.125333
0.0251301
-0.0753268
-0.175023
-0.272952
-0.368125
-0.45958
-0.546394
-0.627691
-0.70265
-0.770513
-0.830596
-0.882291
-0.925077
-0.958522
-0.982287
-0.996134
-0.999921
-0.993611
-0.977268
-0.951057
-0.915241
-0.870184
-0.816339
-0.754251
-0.684547
-0.60793
-0.525175
-0.437116
-0.344643
-0.24869
-0.150226
-0.0502443
0.0502443
0.150226
0.24869
0.344643
0.437116
0.525175
0.60793
0.684547
0.754251
0.816339
0.870184
0.915241
0.951057
0.977268
0.993611
0.999921
0.996134
0.982287
0.958522
0.925077
0.882291
0.830596
0.770513
0.70265
0.627691
0.546394
0.45958
0.368125
0.272952
0.175023
0.0753268
-0.0251301
-0.125333
-0.224271
-0.320944
-0.414376
-0.503623
-0.587785
-0.666012
-0.737513
-0.801567
-0.857527
-0.904827
-0.942991
-0.971632
-0.990461
-0.999289
-0.998027
-0.986686
-0.965382
-0.934329
-0.893841
-0.844328
-0.786288
-0.720309
-0.647056
-0.567269
-0.481754
-0.391374
-0.297042
-0.19971
-0.100362
2.91862e-12
0.100362
0.19971
0.297042
0.391374
0.481754
0.567269
0.647056
0.720309
0.786288
0.844328
0.893841
0.934329
0.965382
0.986686
0.998027
0.999289
0.990461
0.971632
0.942991
0.904827
0.857527
0.801567
0.737513
0.666012
0.587785
0.503623
0.414376
0.320944
0.224271
0.125333
0.0251301
-0.0753268
-0.175023
-0.272952
-0.368125
-0.45958
-0.546394
-0.627691
-0.70265
-0.770513
-0.830596
-0.882291
-0.925077
-0.958522
-0.982287
-0.996134
-0.999921
-0.993611
-0.977268
-0.951057
-0.915241
-0.870184
-0.816339
-0.754251
-0.684547
-0.60793
-0.525175
-0.437116
-0.344643
-0.24869
-0.150226
-0.0502443
0.0502443
0.150226
0.24869
0.344643
0.437116
0.525175
0.60793
0.684547
0.754251
0.816339
0.870184
0.915241
0.951057
0.977268
0.993611
0.999921
0.996134
0.982287
0.958522
0.925077
0.882291
0.830596
0.770513
0.70265
0.627691
0.546394
0.45958
0.368125
0.272952
0.175023
0.0753268
-0.0251301
-0.125333
-0.224271
-0.320944
-0.414376
-0.503623
-0.587785
-0.666012
-0.737513
-0.801567
-0.857527
-0.904827
-0.942991
-0.971632
-0.990461
-0.999289
-0.998027
-0.986686
-0.965382
-0.934329
-0.893841
-0.844328
-0.786288
-0.720309
-0.647056
-0.567269
-0.481754
-0.391374
-0.297042
-0.19971
-0.100362
3.75657e-12
0.100362
0.19971
0.297042
0.391374
0.481754
0.567269
0.647056
0.720309
0.786288
0.844328
0.893841
0.934329
0.965382
0.986686
0.998027
0.999289
0.990461
0.971632
0.942991
0.904827
0.857527
0.801567
0.737513
0.666012
0.587785
0.503623
0.414376
0.320944
0.224271
0.125333
0.0251301
-0.0753268
-0.175023
-0.272952
-0.368125
-0.45958
-0.546394
-0.627691
-0.70265
-0.770513
-0.830596
-0.882291
-0.925077
-0.958522
-0.982287
-0.996134
-0.999921
-0.993611
-0.977268
-0.951057
-0.915241
-0.870184
-0.816339
-0.754251
-0.684547
-0.60793
-0.525175
-0.437116
-0.344643
-0.24869
-0.150226
-0.0502443
0.0502443
0.150226
0.24869
0.344643
0.437116
0.525175
0.60793
0.684547
0.754251
0.816339
0.870184
0.915241
0.951057
0.977268
0.993611
0.999921
0.996134
0.982287
0.958522
0.925077
0.882291
0.830596
0.770513
0.70265
0.627691
0.546394
0.45958
0.368125
0.272952
0.175023
0.0753268
-0.0251301
-0.125333
-0.224271
-0.320944
-0.414376
-0.503623
-0.587785
-0.666012
-0.737513
-0.801567
-0.857527
-0.904827
-0.942991
-0.971632
-0.990461
-0.999289
-0.998027
-0.986686
-0.965382
-0.934329
-0.893841
-0.844328
-0.786288
-0.720309
-0.647056
-0.567269
-0.481754
-0.391374
-0.297042
-0.19971
-0.100362
4.59452e-12
0.100362
0.19971
0.297042
0.391374
0.481754
0.567269
0.647056
0.720309
0.786288
0.844328
0.893841
0.934329
0.965382
0.986686
0.998027
0.999289
0.990461
0.971632
0.942991
0.904827
0.857527
0.801567
0.737513
0.666012
0.587785
0.503623
0.414376
0.320944
0.224271
0.125333
0.0251301
-0.0753268
-0.175023
-0.272952
-0.368125
-0.45958
-0.546394
-0.627691
-0.70265
-0.770513
-0.830596
-0.882291
-0.925077
-0.958522
-0.982287
-0.996134
-0.999921
-0.993611
-0.977268
-0.951057
-0.915241
-0.870184
-0.816339
-0.754251
-0.684547
-0.60793
-0.525175
-0.437116
-0.344643
-0.24869
-0.150226
-0.0502443
0.0502443
0.150226
0.24869
0.344643
0.437116
0.525175
0.60793
0.684547
0.754251
0.816339
0.870184
0.915241
0.951057
0.977268
0.993611
0.999921
0.996134
0.982287
0.958522
0.925077
0.882291
0.830596
0.770513
0.70265
0.627691
0.546394
0.45958
0.368125
0.272952
0.175023
0.0753268
-0.0251301
-0.125333
-0.224271
-0.320944
-0.414376
-0.503623
-0.587785
-0.666012
-0.737513
-0.801567
-0.857527
-0.904827
-0.942991
-0.971632
-0.990461
-0.999289
-0.998027
-0.986686
-0.965382
-0.934329
-0.893841
-0.844328
-0.786288
-0.720309
-0.647056
-0.567269
-0.481754
-0.391374
-0.297042
-0.19971
-0.100362
5.43247e-12
0.100362
0.19971
0.297042
0.391374
0.481754
0.567269
0.647056
0.720309
0.786288
0.844328
0.893841
0.934329
0.965382
0.986686
0.998027
0.999289
0.990461
0.971632
0.942991
0.904827
0.857527
0.801567
0.737513
0.666012
0.587785
0.503623
0.414376
0.320944
0.224271
0.125333
0.0251301
-0.0753268
-0.175023
-0.272952
-0.368125
-0.45958
-0.546394
-0.627691
-0.70265
-0.770513
-0.830596
-0.882291
-0.925077
-0.958522
-0.982287
-0.996134
-0.999921
-0.993611
-0.977268
-0.951057
-0.915241
-0.870184
-0.816339
-0.754251
-0.684547
-0.60793
-0.525175
-0.437116
-0.344643
-0.24869
-0.150226
-0.0502443
0.0502443
0.150226
0.24869
0.344643
0.437116
0.525175
0.60793
0.684547
0.754251
0.816339
0.870184
0.915241
0.951057
0.977268
0.993611
0.999921
0.996134
0.982287
0.958522
0.925077
0.882291
0.830596
0.770513
0.70265
0.627691
0.546394
0.45958
0.368125
0.272952
0.175023
0.0753268
-0.0251301
-0.125333
-0.224271
-0.320944
-0.414376
-0.503623
-0.587785
-0.666012
-0.737513
-0.801567
-0.857527
-0.904827
-0.942991
-0.971632
-0.990461
-0.999289
-0.998027
-0.986686
-0.965382
-0.934329
-0.893841
-0.844328
-0.786288
-0.720309
-0.647056
-0.567269
-0.481754
-0.391374
-0.297042
-0.19971
-0.100362
6.27042e-12
0.100362
0.19971
0.297042
0.391374
0.481754
0.567269
0.647056
0.720309
0.786288
0.844328
0.893841
0.934329
0.965382
0.986686
0.998027
0.999289
0.990461
0.971632
0.942991
0.904827
0.857527
0.801567
0.737513
0.666012
0.587785
0.503623
0.414376
0.320944
0.224271
0.125333
0.0251301
-0.0753268
-0.175023
-0.272952
-0.368125
-0.45958
-0.546394
-0.627691
-0.70265
-0.770513
-0.830596
-0.882291
-0.925077
-0.958522
-0.982287
-0.996134
-0.999921
-0.993611
-0.977268
-0.951057
-0.915241
-0.870184
-0.816339
-0.754251
-0.684547
-0.60793
-0.525175
-0.437116
-0.344643
-0.24869
-0.150226
-0.0502443
0.0502443
0.150226
0.24869
0.344643
0.437116
0.525175
0.60793
0.684547
0.754251
0.816339
0.870184
0.915241
0.951057
0.977268
0.993611
0.999921
0.996134
0.982287
0.958522
0.925077
0.882291
0.830596
0.770513
0.70265
0.627691
0.546394
0.45958
0.368125
0.272952
0.175023
0.0753268
-0.0251301
-0.125333
-0.224271
-0.320944
-0.414376
-0.503623
-0.587785
-0.666012
-0.737513
-0.801567
-0.857527
-0.904827
-0.942991
-0.971632
-0.990461
-0.999289
-0.998027
-0.986686
-0.965382
-0.934329
-0.893841
-0.844328
-0.786288
-0.720309
-0.647056
-0.567269
-0.481754
-0.391374
-0.297042
-0.19971
-0.100362
