1
1.02849
1.12802
1.87956
1.53648
0.901117
0.939983
1.4139
1.24507
1.16369
39.4941
24.7735
1.26095
1.22143
72.106
2.67166
8.5537
1.94898
24.6029
1.08591
1.47998
2.63863
3.34519
4.66878
1.16357
1.00148
2.91779
1.74134
0.962541
3.39814
17.016
1.10538
0.978808
271.971
2.29363
2.90163
27.8234
1.03592
5.83374
5.58898
0.93059
1.22869
1.9713
515.753
1.87666
1.43105
4.72643
1.42545
1.7697
3.97027
33.2824
9.88817
1.80666
1.07504
12.8967
1.08324
1.59094
1.69776
2.39142
0.997914
1.11074
2.18376
1.71571
1.10489
13.5756
2551.86
1.03415
4.2207
1.26675
1.38574
1.22168
10.1941
1.24767
1.31262
23.6377
1.2402
1.75353
1.04876
2.55767
1.57813
10.7889
2.95476
26.9357
2.33121
1.14077
18.8664
1.22788
1.23214
1.09333
2.92398
2.0128
116.777
2.43612
6.27092
4.06069
15.1944
1.05763
1.09077
32.4841
163.328
82.9625
4.26235
2.91026
1.42655
0.995244
1.28715
2.12149
7.89749
44.6384
1.05345
1.06461
325.619
1.03337
2.2063
2.08948
1.00274
3.26106
2.38954
0.903529
2.27564
1.58549
1.31466
1.16995
84.6129
1.56683
8.39492
1.9845
6.78453
1.31801
11.6036
439.145
18.3964
1.14393
32.8889
1.82225
34.8605
2.02438
2.41936
52.2953
1.39334
0.90551
2.30736
1.11325
1.73625
1.11672
1.33781
4.60243
1.46849
1.06339
1.14413
1.31587
9.19982
70.2524
1.09068
1.0616
26.1127
1.1033
1.93596
2.77762
2.16654
0.950069
1.14955
0.905627
1.52472
152.71
1.69512
1.36166
0.991574
3.40342
3.17175
0.928329
1.10468
2.04364
0.944432
1661
3.4882
2.40634
7.88477
3.85678
3.61316
1.5811
1.23452
3.0524
1.14315
22.0785
2.3827
2.39618
0.898305
0.979101
2.47528
0.906799
1.74981
38.9846
35.134
13.322
1.87292
18.8053
1582.31
28.9924
1.62331
3.16285
46.6399
22.3986
0.905163
1.00937
1.28317
13.1953
2.24123
6.79013
0.990001
31.8416
2.06757
2.01082
46.1227
5.07467
1.11431
1.56162
3.40876
6.77107
0.987777
1162.24
1.17682
5.0221
0.925112
0.978968
1.34409
0.912453
1.87857
1.55447
1.50635
0.986922
15.7329
2.12615
5.64122
0.981716
1.27861
1.22816
0.934427
2.83423
1.44661
10.1162
1.45411
1.14366
2.09189
1.69441
1.0498
9.87258
0.970326
4.92285
689.661
3.1994
2.40284
1.66037
0.935316
1.11353
1.09331
7.90608
1.00213
1.30375
1334.72
1.63779
1.61553
1.88948
1.76648
6.98582
1.13509
1.90868
623.014
0.966103
2.31
0.957618
3.61414
13.8643
2.99005
1.08023
1.14898
2.44927
8.27255
1.00721
1.08046
1.37842
1.65523
1.08335
1.26934
1.26269
7.77439
1.54988
1.00794
0.996852
1.04661
7.59499
1.27443
2.49931
11.1319
1.6965
5.19868
1.14267
1.00118
1.49489
857.038
0.973754
1.06783
4.5792
1.77908
0.99535
2.79289
0.927919
5.21323
2.47481
1.03281
1.45402
1.05744
1.25209
24.3994
0.922433
9.33036
0.990878
4.40388
1.38321
1.07103
1.95997
1.10888
77.5695
1.16738
0.98811
4.08552
3.10293
0.901188
1.03841
2.22937
1.20596
1.45767
5.31381
2.3016
7.91257
1.12578
11.8754
102.754
1.07923
1.28564
1.09066
1.24757
1.7884
1.63985
1.05393
115.559
2.03739
1.18366
2.35033
4.85533
18.433
2.82127
1.23977
1.01916
8.31762
3.0999
1.74206
1.01619
1.47504
1.00799
0.901578
1.08322
1.11145
39.7495
5.26667
1.3544
0.962819
14.3485
40790.3
17.8698
1.22058
1.26363
1.11413
1.34859
3.74534
1.05404
1.11748
23.9113
1.55582
14.318
3.55041
1.25073
67.3142
1.72314
1.09804
202.447
1.36017
0.99208
3.24876
1.18326
1.38316
4.86154
2.94903
5.20584
6.41754
0.999718
1.1289
1.64314
3.30776
1.11919
13.7651
5.33136
1.5935
38.1208
1253.07
1.32598
1.01009
2.43908
8.52248
1.21728
2.97965
1.56999
6.45577
1.90674
2.88159
53.0374
0.919599
1.62247
2.55761
1.07666
0.9358
0.900959
2.36621
1.28098
1.46287
2.00855
1.08622
0.993059
1.51847
1.34998
6.28811
1.15665
65.4355
2.07819
55.3994
8.02397
0.972567
2.96507
60.3549
2.14177
1.0173
0.968795
1759.35
1.76001
8.55303
17.1649
0.985429
1.1375
1.83473
1.39663
1.94473
1.28757
1.38431
0.920374
5.18163
15.5354
1.7638
1.33283
20.8081
1.47343
2.24917
1.11221
1.83977
0.948101
1.08277
5.57003
27.975
1.01711
1.65195
1.22529
49.401
2.93818
1.84448
2068.31
1.54221
2.19556
4.73065
3.13665
1.97856
1.33273
1.32547
2.95782
0.939466
1.19027
184.27
22.0936
1.37746
280.848
1.06159
0.939712
7.53363
78.6996
1.15348
0.919255
2.049
1.01058
8.43018
6.04459
3.47614
3.63303
1.05016
70.3156
1.39912
109.256
0.899766
2.34226
16.7977
7.99748
5.86764
1.08536
2.02473
2.40697
34.7462
1.16597
1.3638
10.8031
1.00827
1.44204
3.11626
2.39204
7857.27
1.27819
1.46349
30.7074
11.7582
1.35708
1.92941
2.092
1.06812
2.09541
5.24986
3.81787
1.43423
6.42061
1.54714
15.7153
1.26315
0.972592
4.46133
5.8327
0.981579
4.86803
2.65116
1.34518
3.85219
0.982159
767.006
1.16256
38.5621
1.32808
1.08902
1.46616
38.2899
190.81
2.69905
2.44509
0.937677
4.07896
0.977977
1.09066
1.30821
426.281
1.81506
1.1086
1.44465
0.925957
1.29229
6.34133
4.27756
0.944924
3.51132
3.31909
1.76718
1.0931
1.59562
3.10093
13.3811
2251.48
1.39524
1.17998
3.07684
7.17816
2.31779
1.93436
1.53822
8.29486
1.18459
1.47823
1.06918
0.926222
1.17072
7.1097
7.82792
1.13055
2.9102
1118.08
37.7057
1.30258
1.07026
2.59921
8.70658
1.19213
1.79993
5.26514
1.68038
5.4881
0.940483
6.40542
0.981507
17.8073
2.87495
3.07196
8.46947
1.16518
1.2172
2.27202
59.0131
1.13898
2.32388
2.28763
4.01469
1.22459
13.3793
3.03888
4.48784
1.06789
0.946346
463.772
5045.43
18.1741
1.30152
5.98472
25.7478
0.991735
1.02302
29.7985
2.70145
4.45483
0.984477
1.92443
54.1236
24.0284
54.8093
25.9244
3.74825
1.37185
1.73066
2.25605
3.00133
3.39424
1.1644
2.10845
1.67066
0.956901
1.38125
5.28936
1.00512
1.16079
1.21396
1.10218
1.3168
2.19527
0.95688
2.04242
1.30871
0.963322
1.44705
7.64575
1.84507
5.57424
9.8571
1.54766
2.87339
2085.15
1.61855
1.48036
1.85391
3.03911
3.56815
2.04304
1.0636
1.28802
0.898337
2.19967
3.19328
109.529
100.855
1.11498
0.999306
0.950084
0.996479
1.03212
3.22604
1.13557
2.00461
1.50914
20.5709
32.3487
0.90301
1.34653
1.43612
1.83488
1.68178
0.952535
1.08632
1.21924
1.29537
1.36739
1.71839
3.17191
1.00303
1.45417
2.27927
4.14308
0.990352
0.996749
1.29287
2.80168
0.921142
1.40329
8.32294
1.73062
1.13214
2.53302
0.98089
20.4648
15.2889
1.10986
3.98194
23.4383
1.10822
1.12932
1.22071
0.961903
3.32668
2.1801
0.928629
3.21972
3.67089
1.20296
5.46566
4.39116
1.32202
1.15504
2.13005
1.43953
7.29727
1.79781
2.59741
1.23033
1.48241
2.28638
29.544
0.913095
6.25235
33.3379
1.68993
6.27687
9.8027
6.13022
1.29652
4.66243
1.45628
9.70401
1.61619
2.87589
5.86837
1.30905
1.06034
1.38191
1.4126
24.0417
0.940905
1479.74
0.96377
1.38567
1.50746
1.41509
1.14796
166.146
2.18564
1.12791
170.361
1.91225
1.14682
3.43517
13.435
0.954368
0.924224
0.989296
2.00731
16.7651
2.39066
1.01176
1.81857
2063.95
1.19304
80.7237
1.85665
1.0477
10.1709
3.94728
31.9153
1.22187
3.67634
1.14519
1.10598
1.16139
1.3853
1.28508
1.58615
1.06326
1.17771
15.5052
15.3846
1.63317
2.18553
65.3648
136.344
0.907875
1.05284
1.3599
1.06682
1.04739
13.7581
1.253
33.0752
1.13831
5.27714
94.1494
1.08712
0.973347
1.25585
1.35014
2.02904
1.73045
13.5073
2.19501
1.04784
23.7858
2.01109
1.19386
1.23052
1.74363
3.75478
78.3821
2.54469
1.4514
1.1837
1.81971
4.31721
1.36746
0.928235
5.2477
2.27674
1.14683
1.29005
2.18952
5.71228
1.37191
1.02839
0.899683
26.4456
1.73614
45.2217
2.07465
0.954894
1.03175
1.00551
1.02631
31.735
1.1305
1.08458
1.4261
0.986257
1.63273
0.993824
162.809
1.65014
23.9114
0.949641
1.40645
3.55761
1.42231
1.41622
13.3064
4.70831
1.88485
1.13364
336.334
2.00801
181.325
1.63957
1137.27
1.08479
1.20196
0.990367
3.59341
0.948392
30.5887
1.0431
1.30601
1.10339
1.23579
1.60037
1.36553
1.45593
4.72162
0.999789
4.90335
1.24999
2.73939
3812.51
1.76444
1.00804
1.13606
0.951916
17.2976
6.33495
3.18359
1.25568
0.950102
3.73321
0.981808
5.39696
1.13359
1.00137
1.49284
0.981167
1.5654
0.929171
7.90605
1.0016
1.38616
1.001
31.1046
1.28768
2.80774
40.9084
10.7018
1.06444
1.35518
5.93222
1.94999
1.10976
1.55996
1.22206
1.13104
271.434
1.22695
1.11805
1.59247
1741.68
1.01033
4.49448
1.00329
108.854
2.35718
1.01064
0.965718
2.26564
4.04434
1.25907
0.903835
1.03725
1027.9
1.08136
3.6433
1907.47
0.99649
6.39874
1.13129
1.65258
1.28642
3.63367
1.09052
9.0513
29.9837
1.44308
1.29397
1.15919
5.32165
1.17476
1.75637
1.27947
1.10423
3648.96
1.04692
5.42192
1.07466
3.87684
2.05761
7.84102
0.969615
0.909033
8.89654
6.39053
1.15241
2.00047
1.00173
1.83355
1.0451
1.13142
1.67337
109.277
1.27771
0.979529
1.11819
1.43931
2.04461
1.02018
1.06804
1.47151
2.16103
0.98354
1.08755
1.23423
19.3905
1.15504
1.04299
2.15109
1.03583
1.713
9.66218
0.993361
1.11224
1.18496
1.39297
1.2496
2.34396
2.1889
2.6273
1.23857
2.25454
7.1206
1.4657
0.989974
0.988041
1.62365
6.03242
1.06631
2.43373
1.79041
1.18124
11.8201
1.06783
10.0279
4.80592
1.46345
1.11759
1.00879
1.13657
2.93717
0.97651
1.22932
114.212
1.52749
1.06258
1.33756
1.80441
15.6278
2.68858
1.92616
1.11542
1.28568
1.43185
6.00352
1228.02
1.15747
1.23898
1.58273
1.06014
4.95437
0.940575
0.993072
1.66253
1.73038
0.919103
42.2236
1.11954
43.7829
44.4341
1.00179
0.908142
1.0023
1.07715
1.14111
3.61748
1.00909
2.54228
3.47196
1.34449
4497.63
6.68208
1.10666
3.47561
0.999622
1.6346
8.11455
1.32473
1.88873
2.96929
1.19981
1.24249
3.56951
9.63825
1.70415
1.26621
4.37636
1.20782
0.962099
1.27693
1.36248
1534.8
0.947607
126.117
3.48045
2.6592
1.89335
1.09175
1.85029
10.1152
2.70801
1.02161
1.7209
45.5914
24.9339
24.1668
1.04403
32.9844
0.909198
0.976496
2.59813
3.24835
2.80238
7.27911
2.04173
1.24686
0.986191
1.54134
1.10313
7.76401
0.942147
38.7675
2.11814
2.56452
0.981742
1.43383
68.8649
9.11479
17.171
1.30366
0.914245
1.22849
5.01969
2.36427
1.50651
0.97851
79.4872
1.16518
15.3811
337.439
1.17467
1.25906
1.79
0.901082
0.949791
1.73193
1.29649
1.25497
2.55887
2.44835
5.34656
1.31621
0.983314
1.29094
1.5224
1.096
31.8076
3.34534
8.24029
23.9053
1.14198
13.9684
0.950646
3.23989
0.91622
1.57054
1.07306
1.10189
1.79409
1.93783
3.07233
363.778
0.986185
132.024
15.1213
4.72149
1.44545
1.17971
1.35168
1.03366
1.84421
1.10678
1.23603
7373.86
1.10775
1.11204
1.23258
1.1391
12.9058
1867.49
46.6931
1.8603
1.03347
1.04658
3.95683
1.3617
0.974528
1.36896
1.80149
30.3066
8.46023
1.17244
6.25623
1.55911
1.19177
1.17667
10.1847
1.10431
1.50133
4.81948
1.01548
289.189
0.967626
14.3473
1.2816
1.27274
1.09063
0.988102
2.64906
1.36625
1.53841
1.55968
2.09092
9.12962
5.6534
2.5598
1.5772
1.50701
33.9105
2.70168
24.0368
152.497
2.85604
1.16028
0.907697
1.40665
0.998245
1.83621
1.41552
4.67737
1922.23
1.0795
1.11905
7.88125
1.12771
0.925549
3.00095
1.82166
9.05798
1.84384
1.96914
9.43104
7.63598
0.972029
1.17304
3.05757
1.37612
0.996002
2.06306
2.71493
0.909086
4.13047
1.23809
0.99627
1.14294
1.09352
5.769
0.946671
1.39858
0.980878
1.08999
1.11747
1.10473
4.96418
1.25518
1.20179
6.51885
1.0476
1.16305
3.97087
1.09235
6.42661
7.7134
1.1849
2.72333
1.2938
0.959101
3.65037
5027.63
3.34335
1.11641
10.6902
0.907635
1.03042
298.585
19.9085
0.993352
145.92
1.03893
106.769
8.02651
3.4055
0.915248
98.2897
0.899361
7919.93
0.906933
22.9961
0.990764
400.937
1.07149
1.1802
1.87006
4.65813
15.2127
0.960627
0.964309
1.04971
913.306
1.20637
1.11588
74.3872
1.99722
9.68662
2.8994
1.85765
5.00588
1.13151
0.906837
1.14548
1.10158
1.19828
0.934705
1.58311
1.40554
186.746
1.00705
3.24286
0.992228
1.06946
0.975648
1.34851
1.02907
14.929
1.32462
6.87651
143.919
2.03153
1.11158
22.4472
9.68038
2.49222
26.7918
1.45015
1.74859
10.1446
14.3084
48.6043
16.8118
1.31165
0.930307
5.11718
10.9315
4.14727
24.3393
1.93157
6.34166
1.39539
21.7965
2.85357
1.09919
10.1997
5.06997
18.0266
2.51057
5.71762
1.20353
2.29314
1.44071
0.990672
7.3054
3.05132
1.1378
1.29973
0.900807
1.10531
2.10813
1.61566
1.16043
5.83099
5.32271
31.1941
50.0757
339.72
1.49804
1.00999
89.3756
18.9848
10.772
1.01834
8.87429
18.1451
3.33383
2.3855
0.968121
5.14323
1.09004
1.29697
0.985731
1.35938
177.484
182.978
1.13213
0.906811
3.45372
2.44343
26.6214
0.983728
3.54214
3.2555
0.965559
1.25827
2.9168
1.40954
0.972375
0.92969
0.969801
1.13992
2.5791
7.00316
1.11778
1.26128
3.66939
1.62714
1.03708
8.11859
9.82919
5.14715
3.33406
3.89392
1.05096
1.19268
1.90777
4.21655
2.93444
0.948565
1.08475
2.52134
2.90795
0.997942
0.976231
1.2898
136.193
58.6373
1.2886
2.1833
0.997693
8.42344
0.952304
1.13507
1.20202
2.4867
0.927211
0.939405
1.30917
2.60445
2.35716
1.18191
1.72855
1.05789
0.984925
1.48786
1.41178
1.61723
5.04556
3.29737
1.28762
12.4482
1.67917
27.9935
1.38954
1.43924
1.33738
3.05709
4.17496
14.1926
4.22979
6.03073
1.38602
1.40012
1.75681
1.2702
1.19551
3.04455
2.32011
1.01391
1.80339
1.8317
1.13272
0.911354
1.10609
1.74592
2.14121
2.47116
1.60713
5.91905
1.53105
3.0898
1.04824
1.12961
1.03202
1.33228
156.272
1.44323
0.912059
1.25635
1.14913
6.18187
20.1952
1.53841
0.996982
1.05126
331.297
1.26304
4.10913
1.13422
1.93791
0.946634
2.24654
0.927979
0.928173
5.72597
1.44548
1.29581
8.79567
8.98934
1.06846
81.5459
2.34822
1.10367
2.05038
1.12549
6.05847
1.16962
6.325
13.6903
0.915683
7.95763
8.08216
1.04587
1.0015
1147.95
6.5496
2.38299
0.988937
1.25473
1.07981
1.16646
0.957949
133.996
1.05087
1.76351
2.30077
0.996641
1.09905
1.18972
0.945238
2.7708
6.55927
2.21835
9.55691
3.03974
3.36019
3.43203
8.51214
2.1274
1.17172
1.36263
1.13644
3.00506
0.994273
68.3498
6.90867
1.34417
0.918324
0.910258
1.08178
2.93304
0.984207
1.03876
1.29171
1.44513
4.1309
1.74883
1.95017
1.15196
1.81393
773.727
3.13269
1.41931
1.13186
1.21796
2.8318
1.4417
1.1133
5.80848
2.20376
79.1442
1.65954
3.09767
1.19036
1.51366
495.969
2.28745
92.57
63.4246
16.6967
1.0947
0.902967
1.71397
3.38587
1.09759
1.10927
25.9978
25.3558
0.991668
0.998311
1.10415
0.975391
1.05969
24.6065
0.985158
4.84517
1.4063
2.08432
155.192
1.12653
306.565
2.57121
2.68678
1.75572
1.02503
3.63424
1.81164
49.542
1.17483
1.06198
0.934336
1.04256
4.23831
19.0158
1.87729
3.59785
6.98476
1.31529
0.912171
191.938
2.18733
1.71379
1.26098
3.2022
1.19453
1.36126
1.14875
1.01256
2.07003
1.17109
2.64863
8.85424
9.22356
1.30291
1.07404
50.7844
1.13868
19.1065
1.17208
14.7805
1.0766
8.32406
2.5729
16.2475
1.50385
1.46508
1.73315
25.785
1.07039
8.04478
3.76869
1.08067
1.39175
16.2388
1.25745
4.97119
1.3932
1.24289
897.104
6.76761
2.30667
0.938699
1.346
2.54675
11.3384
32.644
0.952186
1.16915
4.90609
38.4586
3.43945
8.05759
2.10688
0.946761
1.09596
0.99007
1.13022
1.32073
14.8119
10.5083
1.23463
1.12966
0.91283
3.83912
3.12805
1.40672
1.12809
4.53821
1.49587
1.11801
11.3452
1.06346
1.61947
1.34447
1.4575
1.00845
79.7421
198.307
3.25421
1.32345
1.01276
2.39679
2.02223
1.24359
4.00477
1.72449
1.05853
4.90537
5.69571
0.973646
1.14067
6.21644
2.54718
2.36905
2.41197
0.995946
5.84899
2.48139
1.77503
1.71855
1.46565
1.68223
3.83146
1.29475
27.8996
1.1093
2.17239
61.5009
1.43754
21.5404
0.920656
1.05358
1.3671
1.64557
1.3882
56.0039
5.27193
0.933367
2.81483
1.42504
1.21051
942.232
1.0365
1.08277
1.09556
1.57364
1.22246
1607.08
16.5108
1.13886
1.94791
2.35141
5.13024
1.06632
7.79026
1.00966
1.55045
1.22932
3.91279
2.98271
2.48532
1.46717
0.981368
1.2937
7.5402
1.126
1.13851
0.993961
0.950557
1.28881
5.78846
1.60925
9.23996
0.897876
2.18919
10.6495
2.2636
16.9866
0.910772
0.991827
6.35696
2.01294
3.73622
1.45904
1.29813
1.1605
3.06639
1.86706
2.4527
1.08735
1.90969
1.34034
2.45183
1.19468
1.06748
0.993475
833.587
1.18642
1.99601
13.5997
1.13825
1.09185
1.93847
1.64962
34.6436
1.14892
1.0826
6.36325
1.4581
1.02767
3.23788
38.1519
1.32313
0.999773
2481.24
1.03369
1.03398
1.29037
3.82343
0.998013
153.204
0.964968
0.994069
0.995643
0.945341
3.83549
1.2238
295.208
1.47895
1.61317
2.23648
1.15976
1.2719
1.03699
2.48184
0.904132
7.06912
1.29671
71.2793
1.70361
1.13706
10.4745
1.4594
2.0259
5.74778
1.25411
1.19874
3.44972
1.05124
6.86256
1.89225
1.91823
1.54847
1.37707
21.1162
1.36096
1.07104
2.32827
10.8647
17.2149
1.00357
2.11481
1.07227
76.286
1.18318
1.1283
1303.25
0.966837
1.23468
1.08558
1.65332
8.83845
1.16193
1.16462
9.3863
1.65099
1.19531
1.03454
1.94502
15.8799
0.968068
179.162
8.98026
1.33958
1.44182
4.00584
457.161
1.24203
2.05866
1.19752
1.11315
549.643
1.13021
2.33278
1.8841
3.04677
272.057
1.26364
8584.77
1.66063
1.06572
1.67623
1.17529
0.963978
355.73
42.4023
1.58093
1.71997
1.4282
1.06255
1.24896
1.81996
26.2671
0.981735
12.7921
1.22859
0.905568
0.900084
0.957996
1.33397
1.06433
288.734
8.49148
1.41854
2.03319
1.14226
1.84182
1.26145
4.1734
1.60604
1.02785
0.909411
1.12916
31.6841
24.4372
1.84308
1.78826
4.11021
1.4658
1.0541
2.0272
1.12821
