2.14887e-10
0.122005
0.523175
2.74056
1.86527
-0.452187
-0.268799
1.50418
0.951937
0.658385
15.9653
13.9399
1.00697
0.868693
18.5797
4.26781
9.32154
2.89806
13.9099
0.357934
1.70257
4.21378
5.2442
6.69203
0.657908
0.00640264
4.65054
2.40882
-0.165806
5.31242
12.3086
0.435097
-0.0930261
24.3452
3.60524
4.62642
14.4441
0.153276
7.65947
7.47333
-0.312418
0.89441
2.94753
27.1244
2.73387
1.55654
6.74533
1.53951
2.479
5.9882
15.2221
9.95116
2.56876
0.314238
11.1048
0.347258
2.01655
2.29877
3.78655
-0.0090689
0.456113
3.39205
2.34445
0.433186
11.3276
34.0686
0.145845
6.25385
1.02691
1.41683
0.86958
10.0835
0.96098
1.18139
13.7361
0.934925
2.43914
0.20677
4.07844
1.98143
10.3298
4.70523
14.3033
3.67581
0.571974
12.7569
0.891558
0.906601
0.387523
4.65975
3.03802
20.6736
3.86699
7.97332
6.086
11.8168
0.243324
0.377338
15.1167
22.1306
19.1888
6.29649
4.63931
1.54288
-0.0207043
1.09629
3.26641
8.97489
16.4971
0.226128
0.271907
25.1271
0.142551
3.43665
3.20038
0.0118619
5.13359
3.78315
-0.440578
3.57103
2.00163
1.18815
0.681687
19.2744
1.95022
9.24017
2.97652
8.3152
1.19919
10.6459
26.4261
12.6473
0.583999
15.1705
2.60609
15.4233
3.06292
3.83701
17.1846
1.44056
-0.431068
3.63115
0.46594
2.39613
0.479444
1.26394
6.62987
1.6687
0.266914
0.584748
1.19214
9.63779
18.4666
0.376987
0.259598
14.1685
0.426918
2.86897
4.43673
3.35767
-0.222448
0.60526
-0.430506
1.83189
21.8387
2.292
1.34068
-0.0367469
5.31916
5.01298
-0.322983
0.432376
3.10405
-0.248293
32.2037
5.42601
3.81357
8.96789
5.86225
5.57888
1.98958
0.914983
4.84641
0.581022
13.4397
3.7707
3.79519
-0.465764
-0.0917261
3.93625
-0.424889
2.4299
15.9089
15.4573
11.2457
2.7252
12.7428
31.9929
14.6228
2.10401
5.00078
16.6876
13.5022
-0.432732
0.0405009
1.08286
11.2042
3.50487
8.31878
-0.043643
15.03
3.15461
3.03373
16.6391
7.05408
0.470068
1.93576
5.32596
8.30658
-0.053411
30.653
0.707098
7.00886
-0.338058
-0.0923142
1.2843
-0.397896
2.73828
1.91583
1.77925
-0.0571719
11.9681
3.27594
7.51373
-0.080142
1.06739
0.89254
-0.294547
4.52435
1.6035
10.0502
1.62597
0.582975
3.20539
2.29018
0.211063
9.9443
-0.130822
6.92217
28.3864
5.05068
3.80726
2.20204
-0.290415
0.467012
0.387437
8.97961
0.00924163
1.15193
31.2539
2.14257
2.08314
2.76342
2.47109
8.44217
0.550294
2.80733
27.945
-0.149766
3.63612
-0.188078
5.58004
11.419
4.75678
0.335156
0.60313
3.89037
9.17639
0.0312166
0.336099
1.39383
2.18857
0.347683
1.03577
1.01298
8.90667
1.90298
0.0343567
-0.0136923
0.197861
8.80527
1.05315
3.9782
10.4657
2.29553
7.15893
0.579227
0.00510946
1.74609
29.33
-0.115508
0.285006
6.6079
2.50196
-0.020242
4.46054
-0.3249
7.17107
3.93543
0.140221
1.6257
0.242561
0.976344
13.8738
-0.35065
9.69898
-0.0397989
6.43836
1.40888
0.29803
2.92249
0.44886
18.8969
0.672109
-0.051945
6.11247
4.91772
-0.451846
0.16368
3.48181
0.813317
1.6366
7.25406
3.6203
8.98317
0.514517
10.7465
20.118
0.331123
1.09118
0.376889
0.960638
2.52464
2.14803
0.228118
20.628
3.09075
0.732266
3.71129
6.86219
12.656
4.50444
0.933407
0.0824134
9.19999
4.91347
2.41062
0.0697364
1.68805
0.0345618
-0.449969
0.34715
0.458919
15.9933
7.21536
1.31748
-0.164556
11.5681
46.1056
12.5212
0.865676
1.0162
0.469356
1.29881
5.73491
0.228572
0.482387
13.786
1.91959
11.5588
5.50279
0.971628
18.2811
2.3632
0.406175
23.0631
1.33594
-0.034534
5.11718
0.730813
1.40873
6.86774
4.69679
7.16491
8.07369
-0.00122637
0.52655
2.15674
5.19534
0.489021
11.3878
7.26838
2.02351
15.8116
30.9798
1.22538
0.043621
3.87225
9.30566
0.853914
4.74165
1.95898
8.09948
2.80292
4.59632
17.2458
-0.364014
2.10176
4.07835
0.320801
-0.288168
-0.45295
3.74054
1.07541
1.65206
3.02884
0.359164
-0.0302495
1.81406
1.30327
7.9852
0.632007
18.1581
3.17686
17.4351
9.04389
-0.120804
4.72035
17.8071
3.30772
0.0744894
-0.137679
32.4535
2.45515
9.3212
12.3464
-0.0637484
0.559506
2.63572
1.45082
2.8886
1.09772
1.41235
-0.360356
7.14466
11.9132
2.46448
1.24775
13.1823
1.68329
3.52023
0.46187
2.64763
-0.231454
0.34537
7.45858
14.4677
0.0736665
2.17998
0.882378
16.9374
4.68078
2.65873
33.1562
1.88144
3.41546
6.7492
4.96466
2.96348
1.24741
1.22369
4.70971
-0.271189
0.75647
22.6545
13.4427
1.3908
24.4847
0.259588
-0.270051
8.77005
18.9597
0.620102
-0.365642
3.11543
0.0457004
9.25837
7.81367
5.41097
5.60269
0.212557
18.4705
1.45854
20.3844
-0.458702
3.69634
12.2525
9.02953
7.68463
0.355757
3.06367
3.81472
15.4091
0.666861
1.34751
10.3355
0.03576
1.58978
4.93633
3.78768
38.9527
1.06595
1.65389
14.8724
10.7034
1.32605
2.85424
3.20563
0.286199
3.2127
7.20148
5.81822
1.5662
8.07576
1.8953
11.9632
1.01456
-0.120693
6.49464
7.65869
-0.0807493
6.87354
4.23437
1.28781
5.85708
-0.0781826
28.848
0.654161
15.8616
1.23225
0.370357
1.66182
15.8308
22.806
4.31211
3.88295
-0.279468
6.1055
-0.0967121
0.376877
1.16678
26.297
2.5889
0.447765
1.59764
-0.334093
1.11358
8.0218
6.31196
-0.246032
5.45471
5.21019
2.4728
0.38661
2.02929
4.91493
11.2649
33.5247
1.44648
0.71873
4.88105
8.56013
3.65074
2.86536
1.87019
9.18809
0.735675
1.69743
0.290522
-0.332847
0.684532
8.51851
8.93646
0.532915
4.63923
30.4847
15.7641
1.14804
0.294899
4.14842
9.39848
0.763248
2.55255
7.2141
2.25408
7.39422
-0.266489
8.06548
-0.0810647
12.506
4.5863
4.87416
9.27856
0.663926
0.853625
3.56413
17.7095
0.565165
3.66213
3.59386
6.03652
0.879924
11.2643
4.82713
6.52037
0.285277
-0.239502
26.663
37.029
12.5945
1.14452
7.77044
14.1074
-0.0360445
0.0988549
14.7419
4.31597
6.48831
-0.0679424
2.84301
17.3339
13.8072
17.3885
14.1371
5.73828
1.37306
2.38211
3.53348
4.77314
5.30742
0.661008
3.23962
2.22888
-0.191332
1.40271
7.23403
0.0221778
0.647552
0.842041
0.422531
1.19519
3.41488
-0.191426
3.10145
1.16842
-0.162287
1.60482
8.8342
2.66013
7.46185
9.93749
1.89677
4.58394
33.1914
2.09127
1.70367
2.68088
4.82747
5.52444
3.10277
0.267785
1.09923
-0.465608
3.42358
5.04237
20.3953
20.037
0.472671
-0.00301425
-0.222379
-0.0153183
0.137314
5.08669
0.552128
3.02029
1.78729
13.1325
15.0986
-0.443072
1.29216
1.57191
2.63609
2.2577
-0.211192
0.359559
0.860896
1.12394
1.35893
2.35122
5.0132
0.0131571
1.62614
3.57797
6.17323
-0.042105
-0.0141404
1.11553
4.47419
-0.356736
1.47147
9.20277
2.38202
0.538992
4.03639
-0.0837971
13.1101
11.8437
0.452686
6.00095
13.6993
0.446257
0.528175
0.866142
-0.168685
5.22011
3.38477
-0.321578
5.07819
5.64772
0.802507
7.37642
6.42579
1.21237
0.625974
3.2839
1.5822
8.6316
2.54744
4.14541
0.900202
1.70968
3.59149
14.7047
-0.39484
7.96043
15.2294
2.27869
7.97743
9.91346
7.87476
1.1278
6.68613
1.63244
9.86951
2.08493
4.58772
7.68517
1.16956
0.254449
1.4048
1.50019
13.8096
-0.264544
31.7019
-0.160267
1.41659
1.78245
1.50785
0.599283
22.2049
3.39578
0.522726
22.3137
2.81544
0.594962
5.35948
11.2824
-0.202842
-0.342229
-0.0467355
3.02615
12.2441
3.78518
0.0507581
2.59731
33.147
0.766564
19.07
2.6873
0.20237
10.0736
5.96298
15.04
0.870258
5.65416
0.588789
0.437478
0.649789
1.41543
1.0893
2.00345
0.266387
0.710393
11.9048
11.8709
2.13033
3.39558
18.1534
21.3464
-0.41974
0.223611
1.33508
0.280902
0.201072
11.3856
0.97952
15.195
0.562596
7.22399
19.7382
0.362757
-0.117325
0.989361
1.30377
3.0729
2.38158
11.3057
3.41437
0.202953
13.7632
3.03431
0.769527
0.900899
2.41453
5.74585
18.9422
4.05635
1.61787
0.73243
2.60002
6.35203
1.35913
-0.323423
7.19969
3.57313
0.594996
1.10605
3.40349
7.5681
1.37325
0.121564
-0.459106
14.2235
2.39586
16.5535
3.16945
-0.200449
0.135733
0.0238615
0.112793
15.0154
0.532708
0.352623
1.54151
-0.0600979
2.12915
-0.026907
22.1168
2.17521
13.786
-0.224407
1.48125
5.51159
1.52994
1.51131
11.2406
6.72865
2.75276
0.544765
25.2677
3.02765
22.5846
2.14731
30.5586
0.35345
0.798912
-0.0420385
5.55506
-0.230121
14.8556
0.183278
1.15945
0.42731
0.919453
2.04221
1.35301
1.6314
6.74091
-0.000915203
6.90493
0.969053
4.37655
35.8121
2.46606
0.0347877
0.554001
-0.214012
12.3799
8.01743
5.02917
0.988806
-0.222298
5.72082
-0.0797329
7.32149
0.544573
0.00594451
1.74014
-0.0825725
1.94626
-0.319043
8.9796
0.00692258
1.41814
0.00434317
14.9283
1.09809
4.48357
16.1181
10.2946
0.271192
1.31997
7.73217
2.90033
0.452285
1.93113
0.870942
0.534775
24.3366
0.888256
0.484625
2.02071
32.4097
0.0446523
6.5268
0.0142627
20.3685
3.72393
0.0459565
-0.151496
3.55191
6.06847
1.00052
-0.43911
0.158822
30.1195
0.339708
5.61495
32.8046
-0.0152716
8.06095
0.535724
2.18162
1.09382
5.60346
0.37634
9.56711
14.7689
1.59291
1.11926
0.641564
7.26046
0.699474
2.44617
1.07032
0.43058
35.6217
0.199152
7.34153
0.312727
5.88478
3.13363
8.94373
-0.134006
-0.414204
9.49221
8.05537
0.616055
3.01131
0.0075015
2.63292
0.191561
0.536244
2.23593
20.3853
1.06432
-0.0898282
0.485145
1.58154
3.10611
0.0867792
0.285879
1.67765
3.34661
-0.0720801
0.364506
0.913958
12.8759
0.625964
0.182817
3.32659
0.152879
2.33758
9.85075
-0.0289293
0.462002
0.737032
1.43943
0.967724
3.69949
3.40226
4.1951
0.929191
3.53058
8.52517
1.66045
-0.0437631
-0.0522521
2.10494
7.80491
0.278847
3.86272
2.52952
0.723377
10.7262
0.28501
10.0121
6.81776
1.65376
0.482813
0.0379933
0.555958
4.6793
-0.103234
0.896641
20.5771
1.83979
0.263609
1.26313
2.56336
11.939
4.29522
2.84693
0.474373
1.09132
1.55897
7.78406
30.892
0.635102
0.930637
1.99406
0.253638
6.94988
-0.266067
-0.0301923
2.2077
2.38141
-0.366357
16.2556
0.490398
16.413
16.4772
0.00775557
-0.418461
0.009972
0.32278
0.57326
5.58406
0.0392928
4.05224
5.40574
1.28556
36.5298
8.24912
0.440135
5.41032
-0.00164234
2.13412
9.09264
1.22128
2.76169
4.72653
0.791107
0.942921
5.52609
9.83998
2.31508
1.02505
6.41113
0.820026
-0.167804
1.06167
1.3433
31.8605
-0.233716
21.0078
5.41635
4.24751
2.77231
0.381244
2.6724
10.0498
4.3265
0.0928596
2.35757
16.5888
13.9679
13.8322
0.187124
15.1831
-0.413418
-0.103293
4.14661
5.11663
4.47527
8.62079
3.09999
0.958178
-0.060389
1.879
0.426279
8.90086
-0.258813
15.8847
3.25955
4.09006
-0.0800269
1.56498
18.38
9.59747
12.348
1.15163
-0.389375
0.893727
7.00677
3.73698
1.77971
-0.094347
19.003
0.663919
11.8699
25.282
0.699168
1.00048
2.52854
-0.452359
-0.22372
2.3853
1.1277
0.986334
4.08049
3.88874
7.28074
1.19326
-0.0730771
1.10907
1.82528
0.398113
15.0253
5.24441
9.15943
13.7849
0.576597
11.4515
-0.219811
5.1053
-0.380004
1.96048
0.306256
0.421366
2.53845
2.87315
4.87468
25.6084
-0.060415
21.2065
11.7959
6.74079
1.60003
0.717755
1.30873
0.143785
2.6581
0.440606
0.920292
38.6769
0.44443
0.461186
0.908144
0.56561
11.1079
32.7126
16.6925
2.69584
0.142996
0.197745
5.97348
1.34083
-0.112055
1.36392
2.55632
14.8154
9.27382
0.690905
7.96313
1.92878
0.761918
0.706542
10.0795
0.430907
1.76475
6.83
0.0667171
24.6118
-0.142926
11.5677
1.07752
1.0474
0.376775
-0.051981
4.23092
1.35532
1.87071
1.93036
3.20337
9.60453
7.5231
4.08206
1.97886
1.78115
15.3033
4.31634
13.8088
21.8326
4.55765
0.645638
-0.42059
1.48186
-0.00762702
2.63923
1.50915
6.70001
32.8381
0.332207
0.488491
8.96595
0.521959
-0.336004
4.77259
2.60467
9.57031
2.65723
2.94277
9.7456
8.82865
-0.12321
0.693139
4.85376
1.38658
-0.0173972
3.14511
4.33758
-0.413951
6.15999
0.927517
-0.0162278
0.580228
0.38825
7.61101
-0.238009
1.45686
-0.0838518
0.374219
0.482342
0.432546
6.95848
0.987045
0.798301
8.14171
0.201968
0.655979
5.98886
0.383599
8.07982
8.87246
0.736826
4.351
1.11866
-0.181357
5.62337
37.0136
5.24182
0.478218
10.2899
-0.420888
0.130123
24.7507
12.9904
-0.0289686
21.6412
0.16588
20.2844
9.04527
5.32181
-0.384613
19.9251
-0.460661
38.9872
-0.424247
13.6165
-0.040297
26.0308
0.299861
0.719539
2.71855
6.68212
11.8221
-0.174454
-0.157837
0.210697
29.6062
0.814794
0.476184
18.715
3.00427
9.86172
4.62308
2.68964
6.99481
0.536568
-0.424709
0.589857
0.420144
0.785582
-0.293256
1.9951
1.47844
22.7125
0.0305275
5.10928
-0.0338842
0.291657
-0.107068
1.29853
0.12443
11.7403
1.22093
8.37368
21.5812
3.07822
0.459388
13.5116
9.85893
3.96587
14.28
1.61414
2.42689
10.0624
11.5559
16.8667
12.2561
1.17816
-0.313735
7.09031
10.3868
6.17763
13.8631
2.8591
8.02203
1.44695
13.3839
4.55388
0.410732
10.0859
7.05005
12.5591
3.99772
7.57215
0.804554
3.60431
1.58578
-0.0406994
8.63644
4.84487
0.56067
1.13853
-0.453683
0.434841
3.23898
2.0835
0.646193
7.65743
7.26133
14.9407
16.9963
25.3112
1.75524
0.0431681
19.5122
12.7841
10.323
0.0789488
9.48134
12.5876
5.22944
3.77579
-0.140704
7.11236
0.374416
1.12929
-0.0624176
1.3334
22.4916
22.624
0.53895
-0.424833
5.38287
3.88001
14.2523
-0.0712497
5.49265
5.12617
-0.152211
0.99774
4.64907
1.49078
-0.121664
-0.316616
-0.133174
0.568733
4.11467
8.45294
0.483555
1.00811
5.64594
2.11425
0.158117
9.0948
9.92518
7.11566
5.22974
5.90387
0.21588
0.765247
2.80525
6.24958
4.67525
-0.229329
0.353306
4.01631
4.63586
-0.00894899
-0.104474
1.10523
21.3416
17.6817
1.10117
3.39112
-0.0100299
9.25489
-0.212244
0.550245
0.799107
3.95623
-0.328215
-0.271471
1.16995
4.15716
3.72388
0.725843
2.37681
0.244403
-0.0659695
1.72563
1.49766
2.08771
7.02909
5.18167
1.09789
10.9511
2.25094
14.4706
1.4287
1.58132
1.26256
4.85308
6.20652
11.5206
6.26319
7.8037
1.41769
1.46165
2.44725
1.03873
0.775542
4.83524
3.65508
0.0599864
2.56089
2.62854
0.541208
-0.403131
0.437914
2.42023
3.30659
3.92901
2.06051
7.72252
1.8499
4.89931
0.204614
0.529268
0.136888
1.24594
21.9388
1.59336
-0.399772
0.9911
0.603696
7.9112
13.0525
1.87073
-0.013125
0.2171
25.2022
1.01417
6.1375
0.546989
2.87335
-0.23818
3.51515
-0.324618
-0.323709
7.57849
1.60013
1.1254
9.44269
9.53728
0.287589
19.114
3.70739
0.428396
3.11834
0.513416
7.82363
0.680452
8.01061
11.3641
-0.382546
9.00784
9.07528
0.19478
0.00651525
30.5992
8.16215
3.77122
-0.0483118
0.985502
0.333467
0.668688
-0.186576
21.2709
0.215509
2.46378
3.61872
-0.0146131
0.410192
0.754459
-0.244591
4.42605
8.16855
3.4603
9.80318
4.82836
5.26364
5.35552
9.30039
3.2785
0.688244
1.34379
0.555471
4.77853
-0.0249457
18.3474
8.39395
1.28455
-0.370043
-0.408354
0.34139
4.67318
-0.069135
0.165158
1.11166
1.59908
6.16044
2.42749
2.90072
0.614375
2.5862
28.8859
4.95917
1.52078
0.537934
0.856324
4.52062
1.58876
0.466111
7.64062
3.43164
18.9842
2.19987
4.91036
0.756796
1.80028
26.9545
3.59352
19.6647
18.0226
12.2263
0.392962
-0.443281
2.34004
5.2967
0.404415
0.450377
14.1494
14.0408
-0.0363392
-0.00733941
0.430274
-0.108211
0.25179
13.9105
-0.0649428
6.85309
1.48077
3.18965
21.9087
0.517441
24.8652
4.10138
4.29232
2.44456
0.10735
5.60413
2.58071
16.9497
0.699748
0.261151
-0.29497
0.181022
6.27193
12.7911
2.73531
5.56043
8.44151
1.19022
-0.399237
22.8316
3.39914
2.33959
1.00707
5.05448
0.771956
1.3394
0.60227
0.0542021
3.15977
0.685901
4.23022
9.47151
9.64899
1.14916
0.310213
17.0573
0.564011
12.8118
0.689587
11.6969
0.320536
9.20335
4.10423
12.1079
1.77204
1.6586
2.38836
14.1137
0.295426
9.05514
5.7619
0.336911
1.4356
12.1055
0.994907
6.9646
1.44014
0.944336
29.5284
8.30435
3.62985
-0.274736
1.29044
4.05987
10.5455
15.138
-0.212783
0.678721
6.90735
15.8499
5.36489
9.06205
3.2364
-0.237596
0.397942
-0.0433414
0.531614
1.20816
11.7061
10.2153
0.915376
0.529477
-0.396102
5.84232
4.95273
1.48207
0.523425
6.56885
1.74894
0.484461
10.5481
0.2672
2.09374
1.28552
1.6361
0.036554
19.0169
22.9734
5.12445
1.21708
0.0550762
3.79631
3.05831
0.946757
6.02578
2.3666
0.247028
6.90672
7.55548
-0.115991
0.571609
7.93542
4.0606
3.74575
3.82372
-0.017644
7.67081
3.94694
2.49206
2.35163
1.66031
2.25884
5.83365
1.12185
14.456
0.45048
3.36939
17.8888
1.57619
13.3325
-0.359028
0.226667
1.35801
2.16317
1.42452
17.4822
7.21969
-0.299475
4.49452
1.53828
0.829667
29.7416
0.155682
0.345381
0.396378
1.96905
0.872336
32.0604
12.1777
0.564716
2.89568
3.71328
7.10138
0.278891
8.91552
0.0417361
1.90457
0.896633
5.92487
4.74611
3.95383
1.6648
-0.0816831
1.11835
8.77383
0.515365
0.563369
-0.026308
-0.220221
1.1019
7.62563
2.06623
9.6567
-0.467837
3.40284
10.2733
3.548
12.3011
-0.405906
-0.0356393
8.0325
3.0383
5.72432
1.64068
1.13317
0.646441
4.86627
2.71158
3.89645
0.363702
2.80964
1.27216
3.8949
0.772523
0.28359
-0.028431
29.2095
0.742373
3.00163
11.3353
0.562361
0.381631
2.87459
2.17384
15.3962
0.602917
0.344685
8.03679
1.63789
0.118518
5.10261
15.8152
1.21602
-0.000986362
33.9467
0.14392
0.145129
1.10714
5.82453
-0.00863906
21.8527
-0.154871
-0.0258325
-0.018965
-0.244116
5.83821
0.877089
24.7013
1.69954
2.0768
3.49565
0.643663
1.04452
0.157753
3.94774
-0.437683
8.49366
1.12844
18.5296
2.31371
0.557841
10.2013
1.64174
3.06619
7.595
0.983348
0.787245
5.37784
0.217039
8.36486
2.7698
2.82901
1.89904
1.38956
13.2462
1.33846
0.298047
3.67033
10.3602
12.359
0.0154657
3.25272
0.303028
18.8244
0.730507
0.524249
31.1503
-0.146468
0.915555
0.35662
2.18356
9.46376
0.651791
0.661839
9.72495
2.17744
0.774794
0.147476
2.88925
12.0085
-0.14094
22.5325
9.53289
1.26967
1.5891
6.02693
26.6007
0.941312
3.13584
0.782818
0.465523
27.4008
0.531595
3.67875
2.75103
4.8384
24.3466
1.01625
39.3373
2.20273
0.276412
2.24335
0.701464
-0.159328
25.5112
16.2739
1.98913
2.3552
1.54789
0.263512
0.965482
2.60062
14.1941
-0.0800593
11.0694
0.894079
-0.430787
-0.457169
-0.186363
1.25147
0.270761
24.605
9.28983
1.51842
3.08178
0.577642
2.65248
1.00869
6.2049
2.05755
0.119301
-0.412398
0.527564
15.0084
13.8805
2.65544
2.52431
6.13864
1.66076
0.228824
3.06896
0.523894
