1
51
93
120
128
116
86
42
-10
-59
-99
-123
-128
-112
-78
-32
20
68
105
126
126
107
70
23
-29
-76
-110
-127
-124
-101
-62
-13
39
83
115
128
121
95
54
4
-48
-90
-119
-128
-118
-88
-45
7
56
97
122
128
113
81
35
-17
-65
-103
-125
-127
-109
-73
-26
26
73
109
127
125
103
65
17
-35
-81
-113
-128
-122
-97
-56
-7
45
88
118
128
119
90
48
-4
-54
-95
-121
-128
-115
-83
-39
13
62
101
124
127
110
76
29
-23
-70
-107
-126
-126
-105
-68
-20
32
78
112
128
123
99
59
10
-42
-86
-116
-128
-120
-93
-51
1
51
93
120
128
116
86
42
-10
-59
-99
-123
-128
-112
-78
-32
20
68
105
126
126
107
70
23
-29
-76
-110
-127
-124
-101
-62
-13
39
83
115
128
121
95
54
4
-48
-90
-119
-128
-118
-88
-45
7
56
97
122
128
113
81
35
-17
-65
-103
-125
-127
-109
-73
-26
26
73
109
127
125
103
65
17
-35
-81
-113
-128
-122
-97
-56
-7
45
88
118
128
119
90
48
-4
-54
-95
-121
-128
-115
-83
-39
13
62
101
124
127
110
76
29
-23
-70
-107
-126
-126
-105
-68
-20
32
78
112
128
123
99
59
10
-42
-86
-116
-128
-120
-93
-51
1
51
93
120
128
116
86
42
-10
-59
-99
-123
-128
-112
-78
-32
20
68
105
126
126
107
70
23
-29
-76
-110
-127
-124
-101
-62
-13
39
83
115
128
121
95
54
4
-48
-90
-119
-128
-118
-88
-45
7
56
97
122
128
113
81
35
-17
-65
-103
-125
-127
-109
-73
-26
26
73
109
127
125
103
65
17
-35
-81
-113
-128
-122
-97
-56
-7
45
88
118
128
119
90
48
-4
-54
-95
-121
-128
-115
-83
-39
13
62
101
124
127
110
76
29
-23
-70
-107
-126
-126
-105
-68
-20
32
78
112
128
123
99
59
10
-42
-86
-116
-128
-120
-93
-51
1
51
93
120
128
116
86
42
-10
-59
-99
-123
-128
-112
-78
-32
20
68
105
126
126
107
70
23
-29
-76
-110
-127
-124
-101
-62
-13
39
83
115
128
121
95
54
4
-48
-90
-119
-128
-118
-88
-45
7
56
97
122
128
113
81
35
-17
-65
-103
-125
-127
-109
-73
-26
26
73
109
127
125
103
65
17
-35
-81
-113
-128
-122
-97
-56
-7
45
88
118
128
119
90
48
-4
-54
-95
-121
-128
-115
-83
-39
13
62
101
124
127
110
76
29
-23
-70
-107
-126
-126
-105
-68
-20
32
78
112
128
123
99
59
10
-42
-86
-116
-128
-120
-93
-51
1
51
93
120
128
116
86
42
-10
-59
-99
-123
-128
-112
-78
-32
20
68
105
126
126
107
70
23
-29
-76
-110
-127
-124
-101
-62
-13
39
83
115
128
121
95
54
4
-48
-90
-119
-128
-118
-88
-45
7
56
97
122
128
113
81
35
-17
-65
-103
-125
-127
-109
-73
-26
26
73
109
127
125
103
65
17
-35
-81
-113
-128
-122
-97
-56
-7
45
88
118
128
119
90
48
-4
-54
-95
-121
-128
-115
-83
-39
13
62
101
124
127
110
76
29
-23
-70
-107
-126
-126
-105
-68
-20
32
78
112
128
123
99
59
10
-42
-86
-116
-128
-120
-93
-51
1
51
93
120
128
116
86
42
-10
-59
-99
-123
-128
-112
-78
-32
20
68
105
126
126
107
70
23
-29
-76
-110
-127
-124
-101
-62
-13
39
83
115
128
121
95
54
4
-48
-90
-119
-128
-118
-88
-45
7
56
97
122
128
113
81
35
-17
-65
-103
-125
-127
-109
-73
-26
26
73
109
127
125
103
65
17
-35
-81
-113
-128
-122
-97
-56
-7
45
88
118
128
119
90
48
-4
-54
-95
-121
-128
-115
-83
-39
13
62
101
124
127
110
76
29
-23
-70
-107
-126
-126
-105
-68
-20
32
78
112
128
123
99
59
10
-42
-86
-116
-128
-120
-93
-51
1
51
93
120
128
116
86
42
-10
-59
-99
-123
-128
-112
-78
-32
20
68
105
126
126
107
70
23
-29
-76
-110
-127
-124
-101
-62
-13
39
83
115
128
121
95
54
4
-48
-90
-119
-128
-118
-88
-45
7
56
97
122
128
113
81
35
-17
-65
-103
-125
-127
-109
-73
-26
26
73
109
127
125
103
65
17
-35
-81
-113
-128
-122
-97
-56
-7
45
88
118
128
119
90
48
-4
-54
-95
-121
-128
-115
-83
-39
13
62
101
124
127
110
76
29
-23
-70
-107
-126
-126
-105
-68
-20
32
78
112
128
123
99
59
10
-42
-86
-116
-128
-120
-93
-51
1
51
93
120
128
116
86
42
-10
-59
-99
-123
-128
-112
-78
-32
20
68
105
126
126
107
70
23
-29
-76
-110
-127
-124
-101
-62
-13
39
83
115
128
121
95
54
4
-48
-90
-119
-128
-118
-88
-45
7
56
97
122
128
113
81
35
-17
-65
-103
-125
-127
-109
-73
-26
26
73
109
127
125
103
65
17
-35
-81
-113
-128
-122
-97
-56
-7
45
88
118
128
119
90
48
-4
-54
-95
-121
-128
-115
-83
-39
13
62
101
124
127
110
76
29
-23
-70
-107
-126
-126
-105
-68
-20
32
78
112
128
123
99
59
10
-42
-86
-116
-128
-120
-93
-51
1
51
93
120
128
116
86
42
-10
-59
-99
-123
-128
-112
-78
-32
20
68
105
126
126
107
70
23
-29
-76
-110
-127
-124
-101
-62
-13
39
83
115
128
121
95
54
4
-48
-90
-119
-128
-118
-88
-45
7
56
97
122
128
113
81
35
-17
-65
-103
-125
-127
-109
-73
-26
26
73
109
127
125
103
65
17
-35
-81
-113
-128
-122
-97
-56
-7
45
88
118
128
119
90
48
-4
-54
-95
-121
-128
-115
-83
-39
13
62
101
124
127
110
76
29
-23
-70
-107
-126
-126
-105
-68
-20
32
78
112
128
123
99
59
10
-42
-86
-116
-128
-120
-93
-51
1
