1
3.26068
5.51501
7.75731
9.9819
12.1832
14.3555
16.4935
18.5917
20.6447
22.6475
24.5949
26.482
28.304
30.0563
31.7344
33.3341
34.8514
36.2824
37.6234
38.8711
40.0222
41.0739
42.0234
42.8683
43.6066
44.2362
44.7555
45.1633
45.4585
45.6402
45.708
45.6617
45.5013
45.2273
44.8404
44.3413
43.7314
43.0121
42.1853
41.253
40.2175
39.0814
37.8475
36.5189
35.0989
33.591
31.999
30.3269
28.5789
26.7594
24.8728
22.9239
20.9176
18.8589
16.753
14.6051
12.4206
10.205
7.96389
5.70279
3.4274
1.14342
-1.14342
-3.4274
-5.70279
-7.96389
-10.205
-12.4206
-14.6051
-16.753
-18.8589
-20.9176
-22.9239
-24.8728
-26.7594
-28.5789
-30.3269
-31.999
-33.591
-35.0989
-36.5189
-37.8475
-39.0814
-40.2175
-41.253
-42.1853
-43.0121
-43.7314
-44.3413
-44.8404
-45.2273
-45.5013
-45.6617
-45.708
-45.6402
-45.4585
-45.1633
-44.7555
-44.2362
-43.6066
-42.8683
-42.0234
-41.0739
-40.0222
-38.8711
-37.6234
-36.2824
-34.8514
-33.3341
-31.7344
-30.0563
-28.304
-26.482
-24.5949
-22.6475
-20.6447
-18.5917
-16.4935
-14.3555
-12.1832
-9.9819
-7.75731
-5.51501
-3.26068
-1
1.26131
3.51754
5.76299
7.992
10.1989
12.3782
14.5244
16.632
18.6957
20.7103
22.6708
24.5722
26.4098
28.1788
29.8748
31.4937
33.0312
34.4836
35.8471
37.1184
38.2943
39.3719
40.3483
41.2213
41.9885
42.6482
43.1986
43.6384
43.9666
44.1822
44.2849
44.2744
44.1507
43.9142
43.5655
43.1056
42.5356
41.857
41.0716
40.1814
39.1887
38.096
36.9061
35.6221
34.2473
32.7852
31.2395
29.6141
27.9133
26.1413
24.3027
22.4022
20.4446
18.4349
16.3782
14.2798
12.145
9.97933
7.78819
5.5772
3.35202
1.11829
-1.11829
-3.35202
-5.5772
-7.78819
-9.97933
-12.145
-14.2798
-16.3782
-18.4349
-20.4446
-22.4022
-24.3027
-26.1413
-27.9133
-29.6141
-31.2395
-32.7852
-34.2473
-35.6221
-36.9061
-38.096
-39.1887
-40.1814
-41.0716
-41.857
-42.5356
-43.1056
-43.5655
-43.9142
-44.1507
-44.2744
-44.2849
-44.1822
-43.9666
-43.6384
-43.1986
-42.6482
-41.9885
-41.2213
-40.3483
-39.3719
-38.2943
-37.1184
-35.8471
-34.4836
-33.0312
-31.4937
-29.8748
-28.1788
-26.4098
-24.5722
-22.6708
-20.7103
-18.6957
-16.632
-14.5244
-12.3782
-10.1989
-7.992
-5.76299
-3.51754
-1.26131
1
3.26068
5.51501
7.75731
9.9819
12.1832
14.3555
16.4935
18.5917
20.6447
22.6475
24.5949
26.482
28.304
30.0563
31.7344
33.3341
34.8514
36.2824
37.6234
38.8711
40.0222
41.0739
42.0234
42.8683
43.6066
44.2362
44.7555
45.1633
45.4585
45.6402
45.708
45.6617
45.5013
45.2273
44.8404
44.3413
43.7314
43.0121
42.1853
41.253
40.2175
39.0814
37.8475
36.5189
35.0989
33.591
31.999
30.3269
28.5789
26.7594
24.8728
22.9239
20.9176
18.8589
16.753
14.6051
12.4206
10.205
7.96389
5.70279
3.4274
1.14342
-1.14342
-3.4274
-5.70279
-7.96389
-10.205
-12.4206
-14.6051
-16.753
-18.8589
-20.9176
-22.9239
-24.8728
-26.7594
-28.5789
-30.3269
-31.999
-33.591
-35.0989
-36.5189
-37.8475
-39.0814
-40.2175
-41.253
-42.1853
-43.0121
-43.7314
-44.3413
-44.8404
-45.2273
-45.5013
-45.6617
-45.708
-45.6402
-45.4585
-45.1633
-44.7555
-44.2362
-43.6066
-42.8683
-42.0234
-41.0739
-40.0222
-38.8711
-37.6234
-36.2824
-34.8514
-33.3341
-31.7344
-30.0563
-28.304
-26.482
-24.5949
-22.6475
-20.6447
-18.5917
-16.4935
-14.3555
-12.1832
-9.9819
-7.75731
-5.51501
-3.26068
-1
1.26131
3.51754
5.76299
7.992
10.1989
12.3782
14.5244
16.632
18.6957
20.7103
22.6708
24.5722
26.4098
28.1788
29.8748
31.4937
33.0312
34.4836
35.8471
37.1184
38.2943
39.3719
40.3483
41.2213
41.9885
42.6482
43.1986
43.6384
43.9666
44.1822
44.2849
44.2744
44.1507
43.9142
43.5655
43.1056
42.5356
41.857
41.0716
40.1814
39.1887
38.096
36.9061
35.6221
34.2473
32.7852
31.2395
29.6141
27.9133
26.1413
24.3027
22.4022
20.4446
18.4349
16.3782
14.2798
12.145
9.97933
7.78819
5.5772
3.35202
1.11829
-1.11829
-3.35202
-5.5772
-7.78819
-9.97933
-12.145
-14.2798
-16.3782
-18.4349
-20.4446
-22.4022
-24.3027
-26.1413
-27.9133
-29.6141
-31.2395
-32.7852
-34.2473
-35.6221
-36.9061
-38.096
-39.1887
-40.1814
-41.0716
-41.857
-42.5356
-43.1056
-43.5655
-43.9142
-44.1507
-44.2744
-44.2849
-44.1822
-43.9666
-43.6384
-43.1986
-42.6482
-41.9885
-41.2213
-40.3483
-39.3719
-38.2943
-37.1184
-35.8471
-34.4836
-33.0312
-31.4937
-29.8748
-28.1788
-26.4098
-24.5722
-22.6708
-20.7103
-18.6957
-16.632
-14.5244
-12.3782
-10.1989
-7.992
-5.76299
-3.51754
-1.26131
1
3.26068
5.51501
7.75731
9.9819
12.1832
14.3555
16.4935
18.5917
20.6447
22.6475
24.5949
26.482
28.304
30.0563
31.7344
33.3341
34.8514
36.2824
37.6234
38.8711
40.0222
41.0739
42.0234
42.8683
43.6066
44.2362
44.7555
45.1633
45.4585
45.6402
45.708
45.6617
45.5013
45.2273
44.8404
44.3413
43.7314
43.0121
42.1853
41.253
40.2175
39.0814
37.8475
36.5189
35.0989
33.591
31.999
30.3269
28.5789
26.7594
24.8728
22.9239
20.9176
18.8589
16.753
14.6051
12.4206
10.205
7.96389
5.70279
3.4274
1.14342
-1.14342
-3.4274
-5.70279
-7.96389
-10.205
-12.4206
-14.6051
-16.753
-18.8589
-20.9176
-22.9239
-24.8728
-26.7594
-28.5789
-30.3269
-31.999
-33.591
-35.0989
-36.5189
-37.8475
-39.0814
-40.2175
-41.253
-42.1853
-43.0121
-43.7314
-44.3413
-44.8404
-45.2273
-45.5013
-45.6617
-45.708
-45.6402
-45.4585
-45.1633
-44.7555
-44.2362
-43.6066
-42.8683
-42.0234
-41.0739
-40.0222
-38.8711
-37.6234
-36.2824
-34.8514
-33.3341
-31.7344
-30.0563
-28.304
-26.482
-24.5949
-22.6475
-20.6447
-18.5917
-16.4935
-14.3555
-12.1832
-9.9819
-7.75731
-5.51501
-3.26068
-1
1.26131
3.51754
5.76299
7.992
10.1989
12.3782
14.5244
16.632
18.6957
20.7103
22.6708
24.5722
26.4098
28.1788
29.8748
31.4937
33.0312
34.4836
35.8471
37.1184
38.2943
39.3719
40.3483
41.2213
41.9885
42.6482
43.1986
43.6384
43.9666
44.1822
44.2849
44.2744
44.1507
43.9142
43.5655
43.1056
42.5356
41.857
41.0716
40.1814
39.1887
38.096
36.9061
35.6221
34.2473
32.7852
31.2395
29.6141
27.9133
26.1413
24.3027
22.4022
20.4446
18.4349
16.3782
14.2798
12.145
9.97933
7.78819
5.5772
3.35202
1.11829
-1.11829
-3.35202
-5.5772
-7.78819
-9.97933
-12.145
-14.2798
-16.3782
-18.4349
-20.4446
-22.4022
-24.3027
-26.1413
-27.9133
-29.6141
-31.2395
-32.7852
-34.2473
-35.6221
-36.9061
-38.096
-39.1887
-40.1814
-41.0716
-41.857
-42.5356
-43.1056
-43.5655
-43.9142
-44.1507
-44.2744
-44.2849
-44.1822
-43.9666
-43.6384
-43.1986
-42.6482
-41.9885
-41.2213
-40.3483
-39.3719
-38.2943
-37.1184
-35.8471
-34.4836
-33.0312
-31.4937
-29.8748
-28.1788
-26.4098
-24.5722
-22.6708
-20.7103
-18.6957
-16.632
-14.5244
-12.3782
-10.1989
-7.992
-5.76299
-3.51754
-1.26131
1
3.26068
5.51501
7.75731
9.9819
12.1832
14.3555
16.4935
18.5917
20.6447
22.6475
24.5949
26.482
28.304
30.0563
31.7344
33.3341
34.8514
36.2824
37.6234
38.8711
40.0222
41.0739
42.0234
42.8683
43.6066
44.2362
44.7555
45.1633
45.4585
45.6402
45.708
45.6617
45.5013
45.2273
44.8404
44.3413
43.7314
43.0121
42.1853
41.253
40.2175
39.0814
37.8475
36.5189
35.0989
33.591
31.999
30.3269
28.5789
26.7594
24.8728
22.9239
20.9176
18.8589
16.753
14.6051
12.4206
10.205
7.96389
5.70279
3.4274
1.14342
-1.14342
-3.4274
-5.70279
-7.96389
-10.205
-12.4206
-14.6051
-16.753
-18.8589
-20.9176
-22.9239
-24.8728
-26.7594
-28.5789
-30.3269
-31.999
-33.591
-35.0989
-36.5189
-37.8475
-39.0814
-40.2175
-41.253
-42.1853
-43.0121
-43.7314
-44.3413
-44.8404
-45.2273
-45.5013
-45.6617
-45.708
-45.6402
-45.4585
-45.1633
-44.7555
-44.2362
-43.6066
-42.8683
-42.0234
-41.0739
-40.0222
-38.8711
-37.6234
-36.2824
-34.8514
-33.3341
-31.7344
-30.0563
-28.304
-26.482
-24.5949
-22.6475
-20.6447
-18.5917
-16.4935
-14.3555
-12.1832
-9.9819
-7.75731
-5.51501
-3.26068
-1
1.26131
3.51754
5.76299
7.992
10.1989
12.3782
14.5244
16.632
18.6957
20.7103
22.6708
24.5722
26.4098
28.1788
29.8748
31.4937
33.0312
34.4836
35.8471
37.1184
38.2943
39.3719
40.3483
41.2213
41.9885
42.6482
43.1986
43.6384
43.9666
44.1822
44.2849
44.2744
44.1507
43.9142
43.5655
43.1056
42.5356
41.857
41.0716
40.1814
39.1887
38.096
36.9061
35.6221
34.2473
32.7852
31.2395
29.6141
27.9133
26.1413
24.3027
22.4022
20.4446
18.4349
16.3782
14.2798
12.145
9.97933
7.78819
5.5772
3.35202
1.11829
-1.11829
-3.35202
-5.5772
-7.78819
-9.97933
-12.145
-14.2798
-16.3782
-18.4349
-20.4446
-22.4022
-24.3027
-26.1413
-27.9133
-29.6141
-31.2395
-32.7852
-34.2473
-35.6221
-36.9061
-38.096
-39.1887
-40.1814
-41.0716
-41.857
-42.5356
-43.1056
-43.5655
-43.9142
-44.1507
-44.2744
-44.2849
-44.1822
-43.9666
-43.6384
-43.1986
-42.6482
-41.9885
-41.2213
-40.3483
-39.3719
-38.2943
-37.1184
-35.8471
-34.4836
-33.0312
-31.4937
-29.8748
-28.1788
-26.4098
-24.5722
-22.6708
-20.7103
-18.6957
-16.632
-14.5244
-12.3782
-10.1989
-7.992
-5.76299
-3.51754
-1.26131
1
3.26068
5.51501
7.75731
9.9819
12.1832
14.3555
16.4935
18.5917
20.6447
22.6475
24.5949
26.482
28.304
30.0563
31.7344
33.3341
34.8514
36.2824
37.6234
38.8711
40.0222
41.0739
42.0234
42.8683
43.6066
44.2362
44.7555
45.1633
45.4585
45.6402
45.708
45.6617
45.5013
45.2273
44.8404
44.3413
43.7314
43.0121
42.1853
41.253
40.2175
39.0814
37.8475
36.5189
35.0989
33.591
31.999
30.3269
28.5789
26.7594
24.8728
22.9239
20.9176
18.8589
16.753
14.6051
12.4206
10.205
7.96389
5.70279
3.4274
1.14342
-1.14342
-3.4274
-5.70279
-7.96389
-10.205
-12.4206
-14.6051
-16.753
-18.8589
-20.9176
-22.9239
-24.8728
-26.7594
-28.5789
-30.3269
-31.999
-33.591
-35.0989
-36.5189
-37.8475
-39.0814
-40.2175
-41.253
-42.1853
-43.0121
-43.7314
-44.3413
-44.8404
-45.2273
-45.5013
-45.6617
-45.708
-45.6402
-45.4585
-45.1633
-44.7555
-44.2362
-43.6066
-42.8683
-42.0234
-41.0739
-40.0222
-38.8711
-37.6234
-36.2824
-34.8514
-33.3341
-31.7344
-30.0563
-28.304
-26.482
-24.5949
-22.6475
-20.6447
-18.5917
-16.4935
-14.3555
-12.1832
-9.9819
-7.75731
-5.51501
-3.26068
-1
1.26131
3.51754
5.76299
7.992
10.1989
12.3782
14.5244
16.632
18.6957
20.7103
22.6708
24.5722
26.4098
28.1788
29.8748
31.4937
33.0312
34.4836
35.8471
37.1184
38.2943
39.3719
40.3483
41.2213
41.9885
42.6482
43.1986
43.6384
43.9666
44.1822
44.2849
44.2744
44.1507
43.9142
43.5655
43.1056
42.5356
41.857
41.0716
40.1814
39.1887
38.096
36.9061
35.6221
34.2473
32.7852
31.2395
29.6141
27.9133
26.1413
24.3027
22.4022
20.4446
18.4349
16.3782
14.2798
12.145
9.97933
7.78819
5.5772
3.35202
1.11829
-1.11829
-3.35202
-5.5772
-7.78819
-9.97933
-12.145
-14.2798
-16.3782
-18.4349
-20.4446
-22.4022
-24.3027
-26.1413
-27.9133
-29.6141
-31.2395
-32.7852
-34.2473
-35.6221
-36.9061
-38.096
-39.1887
-40.1814
-41.0716
-41.857
-42.5356
-43.1056
-43.5655
-43.9142
-44.1507
-44.2744
-44.2849
-44.1822
-43.9666
-43.6384
-43.1986
-42.6482
-41.9885
-41.2213
-40.3483
-39.3719
-38.2943
-37.1184
-35.8471
-34.4836
-33.0312
-31.4937
-29.8748
-28.1788
-26.4098
-24.5722
-22.6708
-20.7103
-18.6957
-16.632
-14.5244
-12.3782
-10.1989
-7.992
-5.76299
-3.51754
-1.26131
1
3.26068
5.51501
7.75731
9.9819
12.1832
14.3555
16.4935
18.5917
20.6447
22.6475
24.5949
26.482
28.304
30.0563
31.7344
33.3341
34.8514
36.2824
37.6234
38.8711
40.0222
41.0739
42.0234
42.8683
43.6066
44.2362
44.7555
45.1633
45.4585
45.6402
45.708
45.6617
45.5013
45.2273
44.8404
44.3413
43.7314
43.0121
42.1853
41.253
40.2175
39.0814
37.8475
36.5189
35.0989
33.591
31.999
30.3269
28.5789
26.7594
24.8728
22.9239
20.9176
18.8589
16.753
14.6051
12.4206
10.205
7.96389
5.70279
3.4274
1.14342
-1.14342
-3.4274
-5.70279
-7.96389
-10.205
-12.4206
-14.6051
-16.753
-18.8589
-20.9176
-22.9239
-24.8728
-26.7594
-28.5789
-30.3269
-31.999
-33.591
-35.0989
-36.5189
-37.8475
-39.0814
-40.2175
-41.253
-42.1853
-43.0121
-43.7314
-44.3413
-44.8404
-45.2273
-45.5013
-45.6617
-45.708
-45.6402
-45.4585
-45.1633
-44.7555
-44.2362
-43.6066
-42.8683
-42.0234
-41.0739
-40.0222
-38.8711
-37.6234
-36.2824
-34.8514
-33.3341
-31.7344
-30.0563
-28.304
-26.482
-24.5949
-22.6475
-20.6447
-18.5917
-16.4935
-14.3555
-12.1832
-9.9819
-7.75731
-5.51501
-3.26068
-1
1.26131
3.51754
5.76299
7.992
10.1989
12.3782
14.5244
16.632
18.6957
20.7103
22.6708
24.5722
26.4098
28.1788
29.8748
31.4937
33.0312
34.4836
35.8471
37.1184
38.2943
39.3719
40.3483
41.2213
41.9885
42.6482
43.1986
43.6384
43.9666
44.1822
44.2849
44.2744
44.1507
43.9142
43.5655
43.1056
42.5356
41.857
41.0716
40.1814
39.1887
38.096
36.9061
35.6221
34.2473
32.7852
31.2395
29.6141
27.9133
26.1413
24.3027
22.4022
20.4446
18.4349
16.3782
14.2798
12.145
9.97933
7.78819
5.5772
3.35202
1.11829
-1.11829
-3.35202
-5.5772
-7.78819
-9.97933
-12.145
-14.2798
-16.3782
-18.4349
-20.4446
-22.4022
-24.3027
-26.1413
-27.9133
-29.6141
-31.2395
-32.7852
-34.2473
-35.6221
-36.9061
-38.096
-39.1887
-40.1814
-41.0716
-41.857
-42.5356
-43.1056
-43.5655
-43.9142
-44.1507
-44.2744
-44.2849
-44.1822
-43.9666
-43.6384
-43.1986
-42.6482
-41.9885
-41.2213
-40.3483
-39.3719
-38.2943
-37.1184
-35.8471
-34.4836
-33.0312
-31.4937
-29.8748
-28.1788
-26.4098
-24.5722
-22.6708
-20.7103
-18.6957
-16.632
-14.5244
-12.3782
-10.1989
-7.992
-5.76299
-3.51754
-1.26131
1
3.26068
5.51501
7.75731
9.9819
12.1832
14.3555
16.4935
18.5917
20.6447
22.6475
24.5949
26.482
28.304
30.0563
31.7344
33.3341
34.8514
36.2824
37.6234
38.8711
40.0222
41.0739
42.0234
42.8683
43.6066
44.2362
44.7555
45.1633
45.4585
45.6402
45.708
45.6617
45.5013
45.2273
44.8404
44.3413
43.7314
43.0121
42.1853
41.253
40.2175
39.0814
37.8475
36.5189
35.0989
33.591
31.999
30.3269
28.5789
26.7594
24.8728
22.9239
20.9176
18.8589
16.753
14.6051
12.4206
10.205
7.96389
5.70279
3.4274
1.14342
-1.14342
-3.4274
-5.70279
-7.96389
-10.205
-12.4206
-14.6051
-16.753
-18.8589
-20.9176
-22.9239
-24.8728
-26.7594
-28.5789
-30.3269
-31.999
-33.591
-35.0989
-36.5189
-37.8475
-39.0814
-40.2175
-41.253
-42.1853
-43.0121
-43.7314
-44.3413
-44.8404
-45.2273
-45.5013
-45.6617
-45.708
-45.6402
-45.4585
-45.1633
-44.7555
-44.2362
-43.6066
-42.8683
-42.0234
-41.0739
-40.0222
-38.8711
-37.6234
-36.2824
-34.8514
-33.3341
-31.7344
-30.0563
-28.304
-26.482
-24.5949
-22.6475
-20.6447
-18.5917
-16.4935
-14.3555
-12.1832
-9.9819
-7.75731
-5.51501
-3.26068
-1
1.26131
3.51754
5.76299
7.992
10.1989
12.3782
14.5244
16.632
18.6957
20.7103
22.6708
24.5722
26.4098
28.1788
29.8748
31.4937
33.0312
34.4836
35.8471
37.1184
38.2943
39.3719
40.3483
41.2213
41.9885
42.6482
43.1986
43.6384
43.9666
44.1822
44.2849
44.2744
44.1507
43.9142
43.5655
43.1056
42.5356
41.857
41.0716
40.1814
39.1887
38.096
36.9061
35.6221
34.2473
32.7852
31.2395
29.6141
27.9133
26.1413
24.3027
22.4022
20.4446
18.4349
16.3782
14.2798
12.145
9.97933
7.78819
5.5772
3.35202
1.11829
-1.11829
-3.35202
-5.5772
-7.78819
-9.97933
-12.145
-14.2798
-16.3782
-18.4349
-20.4446
-22.4022
-24.3027
-26.1413
-27.9133
-29.6141
-31.2395
-32.7852
-34.2473
-35.6221
-36.9061
-38.096
-39.1887
-40.1814
-41.0716
-41.857
-42.5356
-43.1056
-43.5655
-43.9142
-44.1507
-44.2744
-44.2849
-44.1822
-43.9666
-43.6384
-43.1986
-42.6482
-41.9885
-41.2213
-40.3483
-39.3719
-38.2943
-37.1184
-35.8471
-34.4836
-33.0312
-31.4937
-29.8748
-28.1788
-26.4098
-24.5722
-22.6708
-20.7103
-18.6957
-16.632
-14.5244
-12.3782
-10.1989
-7.992
-5.76299
-3.51754
-1.26131
1
3.26068
5.51501
7.75731
9.9819
12.1832
14.3555
16.4935
18.5917
20.6447
22.6475
24.5949
26.482
28.304
30.0563
31.7344
33.3341
34.8514
36.2824
37.6234
38.8711
40.0222
41.0739
42.0234
42.8683
43.6066
44.2362
44.7555
45.1633
45.4585
45.6402
45.708
45.6617
45.5013
45.2273
44.8404
44.3413
43.7314
43.0121
42.1853
41.253
40.2175
39.0814
37.8475
36.5189
35.0989
33.591
31.999
30.3269
28.5789
26.7594
24.8728
22.9239
20.9176
18.8589
16.753
14.6051
12.4206
10.205
7.96389
5.70279
3.4274
1.14342
-1.14342
-3.4274
-5.70279
-7.96389
-10.205
-12.4206
-14.6051
-16.753
-18.8589
-20.9176
-22.9239
-24.8728
-26.7594
-28.5789
-30.3269
-31.999
-33.591
-35.0989
-36.5189
-37.8475
-39.0814
-40.2175
-41.253
-42.1853
-43.0121
-43.7314
-44.3413
-44.8404
-45.2273
-45.5013
-45.6617
-45.708
-45.6402
-45.4585
-45.1633
-44.7555
-44.2362
-43.6066
-42.8683
-42.0234
-41.0739
-40.0222
-38.8711
-37.6234
-36.2824
-34.8514
-33.3341
-31.7344
-30.0563
-28.304
-26.482
-24.5949
-22.6475
-20.6447
-18.5917
-16.4935
-14.3555
-12.1832
-9.9819
-7.75731
-5.51501
-3.26068
-1
1.26131
3.51754
5.76299
7.992
10.1989
12.3782
14.5244
16.632
18.6957
20.7103
22.6708
24.5722
26.4098
28.1788
29.8748
31.4937
33.0312
34.4836
35.8471
37.1184
38.2943
39.3719
40.3483
41.2213
41.9885
42.6482
43.1986
43.6384
43.9666
44.1822
44.2849
44.2744
44.1507
43.9142
43.5655
43.1056
42.5356
41.857
41.0716
40.1814
39.1887
38.096
36.9061
35.6221
34.2473
32.7852
31.2395
29.6141
27.9133
26.1413
24.3027
22.4022
20.4446
18.4349
16.3782
14.2798
12.145
9.97933
7.78819
5.5772
3.35202
1.11829
-1.11829
-3.35202
-5.5772
-7.78819
-9.97933
-12.145
-14.2798
-16.3782
-18.4349
-20.4446
-22.4022
-24.3027
-26.1413
-27.9133
-29.6141
-31.2395
-32.7852
-34.2473
-35.6221
-36.9061
-38.096
-39.1887
-40.1814
-41.0716
-41.857
-42.5356
-43.1056
-43.5655
-43.9142
-44.1507
-44.2744
-44.2849
-44.1822
-43.9666
-43.6384
-43.1986
-42.6482
-41.9885
-41.2213
-40.3483
-39.3719
-38.2943
-37.1184
-35.8471
-34.4836
-33.0312
-31.4937
-29.8748
-28.1788
-26.4098
-24.5722
-22.6708
-20.7103
-18.6957
-16.632
-14.5244
-12.3782
-10.1989
-7.992
-5.76299
-3.51754
-1.26131
1
