1
-0.808863
0.307024
0.315734
-0.818752
0.999465
-0.774524
0.222573
0.433166
-0.905665
0.966103
-0.560645
-0.135998
0.774915
-0.996303
0.638853
0.12149
-0.8198
0.96755
-0.410347
-0.478036
0.992688
-0.651022
-0.301989
0.977159
-0.643907
-0.410047
0.99993
-0.351907
-0.770878
0.830444
0.337606
-0.989965
0.0157511
0.991924
-0.19027
-0.978545
0.173547
0.995842
0.0430211
-0.973842
-0.451296
0.724266
0.894741
-0.0607136
-0.922095
-0.79073
0.0867897
0.856244
0.942825
0.396172
-0.349325
-0.872897
-0.991008
-0.753557
-0.325396
0.128814
0.503875
0.761128
0.908588
0.976255
0.997675
0.999811
0.999006
0.999974
0.995707
0.967669
0.887202
0.720511
0.44027
0.0455454
-0.413413
-0.818658
-0.999836
-0.804542
-0.219181
0.524753
0.982751
0.761753
-0.0825267
-0.885926
-0.836389
0.127328
0.963874
0.574908
-0.620241
-0.907882
0.245534
0.993441
-0.0312388
-0.999996
0.0110536
0.997394
-0.178527
-0.945455
0.503859
0.719912
-0.866339
-0.200437
0.987447
-0.528678
-0.546826
0.994183
-0.386571
-0.594162
0.997752
-0.507438
-0.399133
0.970191
-0.799246
0.0609381
0.704038
-0.999527
0.673997
0.0422313
-0.722234
0.999894
-0.751364
0.127062
0.551674
-0.95993
0.916921
-0.454692
-0.209959
0.778298
-1
0.778298
-0.209959
-0.454692
0.916921
-0.95993
0.551674
0.127062
-0.751364
0.999894
-0.722234
0.0422313
0.673997
-0.999527
0.704038
0.0609381
-0.799246
0.970191
-0.399133
-0.507438
0.997752
-0.594162
-0.386571
0.994183
-0.546826
-0.528678
0.987447
-0.200437
-0.866339
0.719912
0.503859
-0.945455
-0.178527
0.997394
0.0110536
-0.999996
-0.0312388
0.993441
0.245534
-0.907882
-0.620241
0.574908
0.963874
0.127328
-0.836389
-0.885926
-0.0825267
0.761753
0.982751
0.524753
-0.219181
-0.804542
-0.999836
-0.818658
-0.413413
0.0455454
0.44027
0.720511
0.887202
0.967669
0.995707
0.999974
0.999006
0.999811
0.997675
0.976255
0.908588
0.761128
0.503875
0.128814
-0.325396
-0.753557
-0.991008
-0.872897
-0.349325
0.396172
0.942825
0.856244
0.0867897
-0.79073
-0.922095
-0.0607136
0.894741
0.724266
-0.451296
-0.973842
0.0430211
0.995842
0.173547
-0.978545
-0.19027
0.991924
0.0157511
-0.989965
0.337606
0.830444
-0.770878
-0.351907
0.99993
-0.410047
-0.643907
0.977159
-0.301989
-0.651022
0.992688
-0.478036
-0.410347
0.96755
-0.8198
0.12149
0.638853
-0.996303
0.774915
-0.135998
-0.560645
0.966103
-0.905665
0.433166
0.222573
-0.774524
0.999465
-0.818752
0.315734
0.307024
-0.808863
1
-0.808863
0.307024
0.315734
-0.818752
0.999465
-0.774524
0.222573
0.433166
-0.905665
0.966103
-0.560645
-0.135998
0.774915
-0.996303
0.638853
0.12149
-0.8198
0.96755
-0.410347
-0.478036
0.992688
-0.651022
-0.301989
0.977159
-0.643907
-0.410047
0.99993
-0.351907
-0.770878
0.830444
0.337606
-0.989965
0.0157511
0.991924
-0.19027
-0.978545
0.173547
0.995842
0.0430211
-0.973842
-0.451296
0.724266
0.894741
-0.0607136
-0.922095
-0.79073
0.0867897
0.856244
0.942825
0.396172
-0.349325
-0.872897
-0.991008
-0.753557
-0.325396
0.128814
0.503875
0.761128
0.908588
0.976255
0.997675
0.999811
0.999006
0.999974
0.995707
0.967669
0.887202
0.720511
0.44027
0.0455454
-0.413413
-0.818658
-0.999836
-0.804542
-0.219181
0.524753
0.982751
0.761753
-0.0825267
-0.885926
-0.836389
0.127328
0.963874
0.574908
-0.620241
-0.907882
0.245534
0.993441
-0.0312388
-0.999996
0.0110536
0.997394
-0.178527
-0.945455
0.503859
0.719912
-0.866339
-0.200437
0.987447
-0.528678
-0.546826
0.994183
-0.386571
-0.594162
0.997752
-0.507438
-0.399133
0.970191
-0.799246
0.0609381
0.704038
-0.999527
0.673997
0.0422313
-0.722234
0.999894
-0.751364
0.127062
0.551674
-0.95993
0.916921
-0.454692
-0.209959
0.778298
-1
0.778298
-0.209959
-0.454692
0.916921
-0.95993
0.551674
0.127062
-0.751364
0.999894
-0.722234
0.0422313
0.673997
-0.999527
0.704038
0.0609381
-0.799246
0.970191
-0.399133
-0.507438
0.997752
-0.594162
-0.386571
0.994183
-0.546826
-0.528678
0.987447
-0.200437
-0.866339
0.719912
0.503859
-0.945455
-0.178527
0.997394
0.0110536
-0.999996
-0.0312388
0.993441
0.245534
-0.907882
-0.620241
0.574908
0.963874
0.127328
-0.836389
-0.885926
-0.0825267
0.761753
0.982751
0.524753
-0.219181
-0.804542
-0.999836
-0.818658
-0.413413
0.0455454
0.44027
0.720511
0.887202
0.967669
0.995707
0.999974
0.999006
0.999811
0.997675
0.976255
0.908588
0.761128
0.503875
0.128814
-0.325396
-0.753557
-0.991008
-0.872897
-0.349325
0.396172
0.942825
0.856244
0.0867897
-0.79073
-0.922095
-0.0607136
0.894741
0.724266
-0.451296
-0.973842
0.0430211
0.995842
0.173547
-0.978545
-0.19027
0.991924
0.0157511
-0.989965
0.337606
0.830444
-0.770878
-0.351907
0.99993
-0.410047
-0.643907
0.977159
-0.301989
-0.651022
0.992688
-0.478036
-0.410347
0.96755
-0.8198
0.12149
0.638853
-0.996303
0.774915
-0.135998
-0.560645
0.966103
-0.905665
0.433166
0.222573
-0.774524
0.999465
-0.818752
0.315734
0.307024
-0.808863
1
-0.808863
0.307024
0.315734
-0.818752
0.999465
-0.774524
0.222573
0.433166
-0.905665
0.966103
-0.560645
-0.135998
0.774915
-0.996303
0.638853
0.12149
-0.8198
0.96755
-0.410347
-0.478036
0.992688
-0.651022
-0.301989
0.977159
-0.643907
-0.410047
0.99993
-0.351907
-0.770878
0.830444
0.337606
-0.989965
0.0157511
0.991924
-0.19027
-0.978545
0.173547
0.995842
0.0430211
-0.973842
-0.451296
0.724266
0.894741
-0.0607136
-0.922095
-0.79073
0.0867897
0.856244
0.942825
0.396172
-0.349325
-0.872897
-0.991008
-0.753557
-0.325396
0.128814
0.503875
0.761128
0.908588
0.976255
0.997675
0.999811
0.999006
0.999974
0.995707
0.967669
0.887202
0.720511
0.44027
0.0455454
-0.413413
-0.818658
-0.999836
-0.804542
-0.219181
0.524753
0.982751
0.761753
-0.0825267
-0.885926
-0.836389
0.127328
0.963874
0.574908
-0.620241
-0.907882
0.245534
0.993441
-0.0312388
-0.999996
0.0110536
0.997394
-0.178527
-0.945455
0.503859
0.719912
-0.866339
-0.200437
0.987447
-0.528678
-0.546826
0.994183
-0.386571
-0.594162
0.997752
-0.507438
-0.399133
0.970191
-0.799246
0.0609381
0.704038
-0.999527
0.673997
0.0422313
-0.722234
0.999894
-0.751364
0.127062
0.551674
-0.95993
0.916921
-0.454692
-0.209959
0.778298
-1
0.778298
-0.209959
-0.454692
0.916921
-0.95993
0.551674
0.127062
-0.751364
0.999894
-0.722234
0.0422313
0.673997
-0.999527
0.704038
0.0609381
-0.799246
0.970191
-0.399133
-0.507438
0.997752
-0.594162
-0.386571
0.994183
-0.546826
-0.528678
0.987447
-0.200437
-0.866339
0.719912
0.503859
-0.945455
-0.178527
0.997394
0.0110536
-0.999996
-0.0312388
0.993441
0.245534
-0.907882
-0.620241
0.574908
0.963874
0.127328
-0.836389
-0.885926
-0.0825267
0.761753
0.982751
0.524753
-0.219181
-0.804542
-0.999836
-0.818658
-0.413413
0.0455454
0.44027
0.720511
0.887202
0.967669
0.995707
0.999974
0.999006
0.999811
0.997675
0.976255
0.908588
0.761128
0.503875
0.128814
-0.325396
-0.753557
-0.991008
-0.872897
-0.349325
0.396172
0.942825
0.856244
0.0867897
-0.79073
-0.922095
-0.0607136
0.894741
0.724266
-0.451296
-0.973842
0.0430211
0.995842
0.173547
-0.978545
-0.19027
0.991924
0.0157511
-0.989965
0.337606
0.830444
-0.770878
-0.351907
0.99993
-0.410047
-0.643907
0.977159
-0.301989
-0.651022
0.992688
-0.478036
-0.410347
0.96755
-0.8198
0.12149
0.638853
-0.996303
0.774915
-0.135998
-0.560645
0.966103
-0.905665
0.433166
0.222573
-0.774524
0.999465
-0.818752
0.315734
0.307024
-0.808863
1
-0.808863
0.307024
0.315734
-0.818752
0.999465
-0.774524
0.222573
0.433166
-0.905665
0.966103
-0.560645
-0.135998
0.774915
-0.996303
0.638853
0.12149
-0.8198
0.96755
-0.410347
-0.478036
0.992688
-0.651022
-0.301989
0.977159
-0.643907
-0.410047
0.99993
-0.351907
-0.770878
0.830444
0.337606
-0.989965
0.0157511
0.991924
-0.19027
-0.978545
0.173547
0.995842
0.0430211
-0.973842
-0.451296
0.724266
0.894741
-0.0607136
-0.922095
-0.79073
0.0867897
0.856244
0.942825
0.396172
-0.349325
-0.872897
-0.991008
-0.753557
-0.325396
0.128814
0.503875
0.761128
0.908588
0.976255
0.997675
0.999811
0.999006
0.999974
0.995707
0.967669
0.887202
0.720511
0.44027
0.0455454
-0.413413
-0.818658
-0.999836
-0.804542
-0.219181
0.524753
0.982751
0.761753
-0.0825267
-0.885926
-0.836389
0.127328
0.963874
0.574908
-0.620241
-0.907882
0.245534
0.993441
-0.0312388
-0.999996
0.0110536
0.997394
-0.178527
-0.945455
0.503859
0.719912
-0.866339
-0.200437
0.987447
-0.528678
-0.546826
0.994183
-0.386571
-0.594162
0.997752
-0.507438
-0.399133
0.970191
-0.799246
0.0609381
0.704038
-0.999527
0.673997
0.0422313
-0.722234
0.999894
-0.751364
0.127062
0.551674
-0.95993
0.916921
-0.454692
-0.209959
0.778298
-1
0.778298
-0.209959
-0.454692
0.916921
-0.95993
0.551674
0.127062
-0.751364
0.999894
-0.722234
0.0422313
0.673997
-0.999527
0.704038
0.0609381
-0.799246
0.970191
-0.399133
-0.507438
0.997752
-0.594162
-0.386571
0.994183
-0.546826
-0.528678
0.987447
-0.200437
-0.866339
0.719912
0.503859
-0.945455
-0.178527
0.997394
0.0110536
-0.999996
-0.0312388
0.993441
0.245534
-0.907882
-0.620241
0.574908
0.963874
0.127328
-0.836389
-0.885926
-0.0825267
0.761753
0.982751
0.524753
-0.219181
-0.804542
-0.999836
-0.818658
-0.413413
0.0455454
0.44027
0.720511
0.887202
0.967669
0.995707
0.999974
0.999006
0.999811
0.997675
0.976255
0.908588
0.761128
0.503875
0.128814
-0.325396
-0.753557
-0.991008
-0.872897
-0.349325
0.396172
0.942825
0.856244
0.0867897
-0.79073
-0.922095
-0.0607136
0.894741
0.724266
-0.451296
-0.973842
0.0430211
0.995842
0.173547
-0.978545
-0.19027
0.991924
0.0157511
-0.989965
0.337606
0.830444
-0.770878
-0.351907
0.99993
-0.410047
-0.643907
0.977159
-0.301989
-0.651022
0.992688
-0.478036
-0.410347
0.96755
-0.8198
0.12149
0.638853
-0.996303
0.774915
-0.135998
-0.560645
0.966103
-0.905665
0.433166
0.222573
-0.774524
0.999465
-0.818752
0.315734
0.307024
-0.808863
1
-0.808863
0.307024
0.315734
-0.818752
0.999465
-0.774524
0.222573
0.433166
-0.905665
0.966103
-0.560645
-0.135998
0.774915
-0.996303
0.638853
0.12149
-0.8198
0.96755
-0.410347
-0.478036
0.992688
-0.651022
-0.301989
0.977159
-0.643907
-0.410047
0.99993
-0.351907
-0.770878
0.830444
0.337606
-0.989965
0.0157511
0.991924
-0.19027
-0.978545
0.173547
0.995842
0.0430211
-0.973842
-0.451296
0.724266
0.894741
-0.0607136
-0.922095
-0.79073
0.0867897
0.856244
0.942825
0.396172
-0.349325
-0.872897
-0.991008
-0.753557
-0.325396
0.128814
0.503875
0.761128
0.908588
0.976255
0.997675
0.999811
0.999006
0.999974
0.995707
0.967669
0.887202
0.720511
0.44027
0.0455454
-0.413413
-0.818658
-0.999836
-0.804542
-0.219181
0.524753
0.982751
0.761753
-0.0825267
-0.885926
-0.836389
0.127328
0.963874
0.574908
-0.620241
-0.907882
0.245534
0.993441
-0.0312388
-0.999996
0.0110536
0.997394
-0.178527
-0.945455
0.503859
0.719912
-0.866339
-0.200437
0.987447
-0.528678
-0.546826
0.994183
-0.386571
-0.594162
0.997752
-0.507438
-0.399133
0.970191
-0.799246
0.0609381
0.704038
-0.999527
0.673997
0.0422313
-0.722234
0.999894
-0.751364
0.127062
0.551674
-0.95993
0.916921
-0.454692
-0.209959
0.778298
-1
0.778298
-0.209959
-0.454692
0.916921
-0.95993
0.551674
0.127062
-0.751364
0.999894
-0.722234
0.0422313
0.673997
-0.999527
0.704038
0.0609381
-0.799246
0.970191
-0.399133
-0.507438
0.997752
-0.594162
-0.386571
0.994183
-0.546826
-0.528678
0.987447
-0.200437
-0.866339
0.719912
0.503859
-0.945455
-0.178527
0.997394
0.0110536
-0.999996
-0.0312388
0.993441
0.245534
-0.907882
-0.620241
0.574908
0.963874
0.127328
-0.836389
-0.885926
-0.0825267
0.761753
0.982751
0.524753
-0.219181
-0.804542
-0.999836
-0.818658
-0.413413
0.0455454
0.44027
0.720511
0.887202
0.967669
0.995707
0.999974
0.999006
0.999811
0.997675
0.976255
0.908588
0.761128
0.503875
0.128814
-0.325396
-0.753557
-0.991008
-0.872897
-0.349325
0.396172
0.942825
0.856244
0.0867897
-0.79073
-0.922095
-0.0607136
0.894741
0.724266
-0.451296
-0.973842
0.0430211
0.995842
0.173547
-0.978545
-0.19027
0.991924
0.0157511
-0.989965
0.337606
0.830444
-0.770878
-0.351907
0.99993
-0.410047
-0.643907
0.977159
-0.301989
-0.651022
0.992688
-0.478036
-0.410347
0.96755
-0.8198
0.12149
0.638853
-0.996303
0.774915
-0.135998
-0.560645
0.966103
-0.905665
0.433166
0.222573
-0.774524
0.999465
-0.818752
0.315734
0.307024
-0.808863
1
-0.808863
0.307024
0.315734
-0.818752
0.999465
-0.774524
0.222573
0.433166
-0.905665
0.966103
-0.560645
-0.135998
0.774915
-0.996303
0.638853
0.12149
-0.8198
0.96755
-0.410347
-0.478036
0.992688
-0.651022
-0.301989
0.977159
-0.643907
-0.410047
0.99993
-0.351907
-0.770878
0.830444
0.337606
-0.989965
0.0157511
0.991924
-0.19027
-0.978545
0.173547
0.995842
0.0430211
-0.973842
-0.451296
0.724266
0.894741
-0.0607136
-0.922095
-0.79073
0.0867897
0.856244
0.942825
0.396172
-0.349325
-0.872897
-0.991008
-0.753557
-0.325396
0.128814
0.503875
0.761128
0.908588
0.976255
0.997675
0.999811
0.999006
0.999974
0.995707
0.967669
0.887202
0.720511
0.44027
0.0455454
-0.413413
-0.818658
-0.999836
-0.804542
-0.219181
0.524753
0.982751
0.761753
-0.0825267
-0.885926
-0.836389
0.127328
0.963874
0.574908
-0.620241
-0.907882
0.245534
0.993441
-0.0312388
-0.999996
0.0110536
0.997394
-0.178527
-0.945455
0.503859
0.719912
-0.866339
-0.200437
0.987447
-0.528678
-0.546826
0.994183
-0.386571
-0.594162
0.997752
-0.507438
-0.399133
0.970191
-0.799246
0.0609381
0.704038
-0.999527
0.673997
0.0422313
-0.722234
0.999894
-0.751364
0.127062
0.551674
-0.95993
0.916921
-0.454692
-0.209959
0.778298
-1
0.778298
-0.209959
-0.454692
0.916921
-0.95993
0.551674
0.127062
-0.751364
0.999894
-0.722234
0.0422313
0.673997
-0.999527
0.704038
0.0609381
-0.799246
0.970191
-0.399133
-0.507438
0.997752
-0.594162
-0.386571
0.994183
-0.546826
-0.528678
0.987447
-0.200437
-0.866339
0.719912
0.503859
-0.945455
-0.178527
0.997394
0.0110536
-0.999996
-0.0312388
0.993441
0.245534
-0.907882
-0.620241
0.574908
0.963874
0.127328
-0.836389
-0.885926
-0.0825267
0.761753
0.982751
0.524753
-0.219181
-0.804542
-0.999836
-0.818658
-0.413413
0.0455454
0.44027
0.720511
0.887202
0.967669
0.995707
0.999974
0.999006
0.999811
0.997675
0.976255
0.908588
0.761128
0.503875
0.128814
-0.325396
-0.753557
-0.991008
-0.872897
-0.349325
0.396172
0.942825
0.856244
0.0867897
-0.79073
-0.922095
-0.0607136
0.894741
0.724266
-0.451296
-0.973842
0.0430211
0.995842
0.173547
-0.978545
-0.19027
0.991924
0.0157511
-0.989965
0.337606
0.830444
-0.770878
-0.351907
0.99993
-0.410047
-0.643907
0.977159
-0.301989
-0.651022
0.992688
-0.478036
-0.410347
0.96755
-0.8198
0.12149
0.638853
-0.996303
0.774915
-0.135998
-0.560645
0.966103
-0.905665
0.433166
0.222573
-0.774524
0.999465
-0.818752
0.315734
0.307024
-0.808863
1
-0.808863
0.307024
0.315734
-0.818752
0.999465
-0.774524
0.222573
0.433166
-0.905665
0.966103
-0.560645
-0.135998
0.774915
-0.996303
0.638853
0.12149
-0.8198
0.96755
-0.410347
-0.478036
0.992688
-0.651022
-0.301989
0.977159
-0.643907
-0.410047
0.99993
-0.351907
-0.770878
0.830444
0.337606
-0.989965
0.0157511
0.991924
-0.19027
-0.978545
0.173547
0.995842
0.0430211
-0.973842
-0.451296
0.724266
0.894741
-0.0607136
-0.922095
-0.79073
0.0867897
0.856244
0.942825
0.396172
-0.349325
-0.872897
-0.991008
-0.753557
-0.325396
0.128814
0.503875
0.761128
0.908588
0.976255
0.997675
0.999811
0.999006
0.999974
0.995707
0.967669
0.887202
0.720511
0.44027
0.0455454
-0.413413
-0.818658
-0.999836
-0.804542
-0.219181
0.524753
0.982751
0.761753
-0.0825267
-0.885926
-0.836389
0.127328
0.963874
0.574908
-0.620241
-0.907882
0.245534
0.993441
-0.0312388
-0.999996
0.0110536
0.997394
-0.178527
-0.945455
0.503859
0.719912
-0.866339
-0.200437
0.987447
-0.528678
-0.546826
0.994183
-0.386571
-0.594162
0.997752
-0.507438
-0.399133
0.970191
-0.799246
0.0609381
0.704038
-0.999527
0.673997
0.0422313
-0.722234
0.999894
-0.751364
0.127062
0.551674
-0.95993
0.916921
-0.454692
-0.209959
0.778298
-1
0.778298
-0.209959
-0.454692
0.916921
-0.95993
0.551674
0.127062
-0.751364
0.999894
-0.722234
0.0422313
0.673997
-0.999527
0.704038
0.0609381
-0.799246
0.970191
-0.399133
-0.507438
0.997752
-0.594162
-0.386571
0.994183
-0.546826
-0.528678
0.987447
-0.200437
-0.866339
0.719912
0.503859
-0.945455
-0.178527
0.997394
0.0110536
-0.999996
-0.0312388
0.993441
0.245534
-0.907882
-0.620241
0.574908
0.963874
0.127328
-0.836389
-0.885926
-0.0825267
0.761753
0.982751
0.524753
-0.219181
-0.804542
-0.999836
-0.818658
-0.413413
0.0455454
0.44027
0.720511
0.887202
0.967669
0.995707
0.999974
0.999006
0.999811
0.997675
0.976255
0.908588
0.761128
0.503875
0.128814
-0.325396
-0.753557
-0.991008
-0.872897
-0.349325
0.396172
0.942825
0.856244
0.0867897
-0.79073
-0.922095
-0.0607136
0.894741
0.724266
-0.451296
-0.973842
0.0430211
0.995842
0.173547
-0.978545
-0.19027
0.991924
0.0157511
-0.989965
0.337606
0.830444
-0.770878
-0.351907
0.99993
-0.410047
-0.643907
0.977159
-0.301989
-0.651022
0.992688
-0.478036
-0.410347
0.96755
-0.8198
0.12149
0.638853
-0.996303
0.774915
-0.135998
-0.560645
0.966103
-0.905665
0.433166
0.222573
-0.774524
0.999465
-0.818752
0.315734
0.307024
-0.808863
1
-0.808863
0.307024
0.315734
-0.818752
0.999465
-0.774524
0.222573
0.433166
-0.905665
0.966103
-0.560645
-0.135998
0.774915
-0.996303
0.638853
0.12149
-0.8198
0.96755
-0.410347
-0.478036
0.992688
-0.651022
-0.301989
0.977159
-0.643907
-0.410047
0.99993
-0.351907
-0.770878
0.830444
0.337606
-0.989965
0.0157511
0.991924
-0.19027
-0.978545
0.173547
0.995842
0.0430211
-0.973842
-0.451296
0.724266
0.894741
-0.0607136
-0.922095
-0.79073
0.0867897
0.856244
0.942825
0.396172
-0.349325
-0.872897
-0.991008
-0.753557
-0.325396
0.128814
0.503875
0.761128
0.908588
0.976255
0.997675
0.999811
0.999006
0.999974
0.995707
0.967669
0.887202
0.720511
0.44027
0.0455454
-0.413413
-0.818658
-0.999836
-0.804542
-0.219181
0.524753
0.982751
0.761753
-0.0825267
-0.885926
-0.836389
0.127328
0.963874
0.574908
-0.620241
-0.907882
0.245534
0.993441
-0.0312388
-0.999996
0.0110536
0.997394
-0.178527
-0.945455
0.503859
0.719912
-0.866339
-0.200437
0.987447
-0.528678
-0.546826
0.994183
-0.386571
-0.594162
0.997752
-0.507438
-0.399133
0.970191
-0.799246
0.0609381
0.704038
-0.999527
0.673997
0.0422313
-0.722234
0.999894
-0.751364
0.127062
0.551674
-0.95993
0.916921
-0.454692
-0.209959
0.778298
-1
0.778298
-0.209959
-0.454692
0.916921
-0.95993
0.551674
0.127062
-0.751364
0.999894
-0.722234
0.0422313
0.673997
-0.999527
0.704038
0.0609381
-0.799246
0.970191
-0.399133
-0.507438
0.997752
-0.594162
-0.386571
0.994183
-0.546826
-0.528678
0.987447
-0.200437
-0.866339
0.719912
0.503859
-0.945455
-0.178527
0.997394
0.0110536
-0.999996
-0.0312388
0.993441
0.245534
-0.907882
-0.620241
0.574908
0.963874
0.127328
-0.836389
-0.885926
-0.0825267
0.761753
0.982751
0.524753
-0.219181
-0.804542
-0.999836
-0.818658
-0.413413
0.0455454
0.44027
0.720511
0.887202
0.967669
0.995707
0.999974
0.999006
0.999811
0.997675
0.976255
0.908588
0.761128
0.503875
0.128814
-0.325396
-0.753557
-0.991008
-0.872897
-0.349325
0.396172
0.942825
0.856244
0.0867897
-0.79073
-0.922095
-0.0607136
0.894741
0.724266
-0.451296
-0.973842
0.0430211
0.995842
0.173547
-0.978545
-0.19027
0.991924
0.0157511
-0.989965
0.337606
0.830444
-0.770878
-0.351907
0.99993
-0.410047
-0.643907
0.977159
-0.301989
-0.651022
0.992688
-0.478036
-0.410347
0.96755
-0.8198
0.12149
0.638853
-0.996303
0.774915
-0.135998
-0.560645
0.966103
-0.905665
0.433166
0.222573
-0.774524
0.999465
-0.818752
0.315734
0.307024
-0.808863
1
