-101.87
1.99965
-8.35731
-0.454017
0.810691
3.04777
12.6557
2.48736
0.9531
-7.22557
-0.599744
1.2128
4.99208
-0.366672
-3.18971
0.823296
-3.18769
-0.124757
9.63266
-8.47313
19.521
-0.278463
6.87243
-0.746861
-2.36154
-12.1621
-3.49944
-1.63543
0.79557
5.64679
10.2285
7.57363
2.54249
1.00616
-0.807477
-5.81137
5.40747
-0.0806146
1.64098
-1.06345
-0.367336
3.25984
1.27428
-5.20042
9.7492
-4.25477
-2.28855
-12.2311
-3.03416
3.22379
-0.182101
-0.0614291
0.540866
4.03804
-3.31973
-9.88085
6.413
-3.73452
-3.36495
-2.76744
2.55153
3.5115
0.0637032
0.525272
1.48037
-16.1315
-4.31773
-2.11515
-0.427336
-1.08191
-3.58024
1.88968
-8.91164
1.77284
4.73759
-0.62117
2.49259
3.38894
-12.4859
-0.773908
-0.214386
-0.865665
-3.87227
2.42797
-1.22995
7.2474
2.94275
-1.78837
5.65311
-5.89233
1.55576
2.21622
-2.30386
-0.902815
-4.32797
7.45452
-11.5296
-10.9148
-7.5408
2.491
3.66749
4.97936
6.11525
1.35581
-0.718267
3.4193
18.5328
2.82506
2.30084
-2.73454
-1.219
-1.16807
-1.08474
-0.0989877
-0.125665
-5.48314
5.7446
0.82362
0.000830549
2.11438
-2.72576
0.325453
-1.75044
0.376559
-1.24454
4.47672
8.92856
-0.97331
0.309031
-0.0302478
-1.96206
4.96329
-4.0107
9.06058
0.0529029
-14.7924
7.51003
-1.46131
-1.25498
-9.7986
3.55679
0.944014
-1.21659
6.70241
-4.89883
0.00927155
3.92821
-2.07312
1.45288
-8.88521
5.73542
11.9692
0.0230653
1.36153
-6.6421
9.74225
1.56151
9.75699
-0.743907
13.3229
0.41609
-5.1079
0.384313
-3.25194
7.29207
-0.45906
0.00669449
10.6672
-0.772486
6.13736
-2.83212
-3.87804
-12.6522
-0.282191
5.46846
-14.6206
2.77261
-1.35106
-0.992794
-7.72078
1.10092
-0.555479
1.54262
-1.40766
-1.22759
13.09
6.77205
14.28
-6.22869
12.1871
6.64247
-0.23024
-0.332064
1.59445
10.8599
-2.21044
-10.6195
-0.147852
-4.05846
-0.185981
-1.79459
0.991648
-2.142
-9.82658
-8.27779
3.73969
-1.36511
-6.18523
-0.575055
1.52912
-9.21492
0.299296
-0.181682
-0.696233
-1.59951
0.312103
-0.260134
13.9664
3.63579
-4.64242
-6.14982
-0.137599
4.87645
-0.635349
6.7258
-0.0739663
-4.57923
-0.0426885
2.77351
0.741014
-0.52033
-2.50438
-5.17541
-2.00919
0.207217
2.66341
-3.89545
4.25406
2.31743
-4.81815
2.49203
-1.67056
4.98448
6.88461
-6.90433
1.43899
15.039
4.31569
2.14229
-4.61308
0.693039
0.432515
0.904027
0.970457
-0.383644
0.116941
5.41778
0.822539
-9.74033
-2.62898
-3.11401
6.98287
-0.279011
2.08989
0.261629
12.6662
-3.74842
-7.3638
12.6375
14.2584
-4.72246
-1.65985
-8.97851
-3.95306
-2.06587
-2.28243
-0.165203
-2.83368
-5.53038
4.02976
20.5133
-1.59679
6.69332
-3.82043
-2.75493
-1.32424
-0.491121
1.52414
-0.259019
1.48552
0.191498
2.9313
-10.9319
-0.164668
4.93225
-1.72083
5.62656
-12.244
0.456277
-2.18329
0.379174
-1.34729
-0.142427
-3.42202
0.57255
-1.94609
5.63557
-0.20127
-0.847191
2.02523
1.07614
-1.03057
-0.782624
6.7049
3.74717
-2.17208
-0.543329
0.545552
0.195295
-0.0960513
2.34922
2.32541
-7.64498
0.104001
-7.82562
-3.79883
-2.14719
1.94919
26.9775
2.43531
-6.8248
-5.94868
-1.50667
7.17819
-9.56438
5.96638
-5.75819
-11.5696
-29.3694
4.15443
-0.379769
0.426301
0.673366
-1.49686
8.31687
6.54033
-3.45575
5.01434
10.4016
-0.510826
0.3667
-0.717281
4.05154
3.99577
-0.973163
-7.26216
10.5039
4.94261
5.11521
6.26671
1.86479
0.760952
-0.58197
12.6274
-1.10018
17.2073
0.846875
1.46274
-0.184964
-0.626157
1.91341
0.836787
-9.59567
0.242606
1.36362
-4.29331
-4.80043
0.391084
-13.2982
-0.305306
-6.75132
4.63842
-0.600291
-2.97211
-1.5473
0.191515
2.46174
-2.08931
4.36999
10.9536
2.30006
-0.72971
0.200277
7.37099
-0.00777691
-2.90412
0.435942
4.80284
-1.49852
3.05253
-2.9441
15.7302
-2.64439
-0.203169
-1.74337
-2.82248
-3.14097
1.88321
-9.40089
1.6045
-5.9726
0.832637
4.44535
-0.339026
-8.35403
4.27843
-4.79583
-0.731522
-1.97099
4.8938
-0.580194
8.93709
-11.5447
-0.492622
-4.7671
10.5391
0.425127
2.154
0.928856
6.30118
0.862371
0.993967
-3.24368
-4.84565
-2.41086
-4.24015
-9.32496
-1.44625
-3.71675
0.843091
-1.18402
-16.0763
1.88245
-2.66843
0.887083
0.816778
-19.1567
3.63356
-4.04789
20.275
-9.33859
0.414168
-3.56185
-6.18701
-0.19221
-0.523793
-1.68607
-0.192536
-3.37495
-0.532144
-1.17916
-3.15323
2.10233
-4.09587
-1.20033
-0.661958
5.70622
-11.1492
5.43127
0.648524
-0.905795
2.78586
-16.6041
-10.296
1.1294
-3.31963
0.451455
-0.324798
-3.15406
-17.1037
2.31759
-0.0889816
0.445696
0.134584
-0.864313
-2.56648
-0.493981
-0.635466
-0.419775
0.464725
-15.8815
0.448982
-1.72967
-3.75512
-0.042249
0.0560161
-0.0940064
-7.57927
5.45451
5.49029
0.00235397
-4.98381
4.86834
-0.00921056
0.296986
-8.55158
-14.9696
-11.7538
0.294267
0.554252
3.45618
0.830984
-6.77191
-0.0570903
3.63164
-2.2082
-1.97786
8.3429
13.5445
-0.2237
0.900261
-3.55286
0.0331385
7.61765
6.45457
-2.30351
-1.56045
3.3299
-8.06571
-1.39427
6.40178
-3.82973
-7.22982
-0.209728
-9.25651
-0.025102
0.246982
11.418
0.914082
-0.76699
-1.45349
11.3061
0.292119
-14.0312
2.50168
0.816348
-0.062031
-10.5049
1.96517
-1.22659
-2.31744
2.18541
-0.565205
-1.54998
6.87978
-0.117686
4.85465
0.237464
0.0206613
0.817503
-0.143009
-0.840764
0.998735
-0.0154564
-0.131606
6.41691
2.7413
-1.51376
2.74392
-2.06267
1.23701
2.81743
2.31497
-0.547086
-0.042153
-5.6126
3.95083
-1.06398
-4.28963
3.34671
2.06555
17.3202
-0.0931217
7.67574
0.425754
-2.73081
0.420947
-5.74711
0.604082
-0.84254
-0.559724
2.95157
4.30161
-0.79147
-0.114467
1.38894
5.06234
-0.799522
0.256571
-0.146786
-0.430313
-0.129097
2.18765
-1.48086
0.357968
-2.64623
8.10334
-1.06316
0.352137
-1.05312
-7.87519
-7.37083
-0.816166
-4.77593
-14.4028
-0.145826
-6.1305
-0.0858118
-4.89419
-1.40456
-1.24285
2.71267
-4.81912
-0.162569
0.671524
-3.25151
3.92952
-0.904896
0.0256436
1.83932
10.1017
2.67766
-0.713504
8.41799
-2.0436
17.1875
0.0343206
0.355465
0.626201
-1.62315
-0.291606
0.364384
8.28081
10.11
2.26801
-0.297624
-0.362552
0.0729729
-4.22553
0.304154
-0.540355
3.4157
9.09234
1.75681
2.38558
4.06127
-3.75039
0.0171705
5.53781
-5.61939
-1.06162
8.71894
0.374167
-3.4969
1.23012
-3.95953
-0.57354
-1.93385
-0.809808
-6.68378
2.85403
-5.02991
-8.9898
4.94759
0.238819
-2.51607
-3.05612
8.96731
3.89404
-2.02598
-2.756
1.84658
0.850588
-7.86302
0.0278966
-1.03949
2.93573
-10.6147
4.15707
-0.118944
-13.3681
13.046
-0.130981
-0.79899
0.348557
-0.310171
-8.65208
1.7294
-3.36659
-12.3469
-0.748256
-1.44934
3.51098
0.0653237
-4.31273
-0.982217
0.0652912
-1.04077
-8.89401
-0.625545
1.81281
1.73211
4.68474
8.90195
3.88645
-0.00502358
-0.335445
-0.205845
0.400772
5.75089
-0.042527
-1.72143
-0.178631
11.7695
-5.18925
5.32228
-2.52331
-0.960856
-0.296494
5.17013
3.46763
-2.02762
-5.863
-9.71533
-6.57938
-2.292
-0.305745
2.66223
-15.6747
2.46812
-0.333638
1.86337
-0.747376
-0.116112
1.66395
-7.92188
2.72961
-2.4047
5.69043
0.396619
-1.88667
4.65712
26.7823
-0.366992
7.72044
-1.41613
0.960868
-0.485805
2.33902
16.0339
-1.23686
-0.294996
-7.55649
10.4797
-26.2729
-5.54785
3.40697
1.86436
6.91032
7.02492
1.8248
0.624731
-7.02404
-1.07783
-2.75355
3.58165
-8.39687
-0.851477
-10.7192
-5.38404
-0.326091
-2.52745
-0.686451
9.48731
-4.37362
-2.76684
-11.3362
-3.83803
13.2914
-3.85256
1.15925
6.4818
1.84051
1.55196
-0.404262
7.15089
-0.577744
-6.65007
1.98602
1.4318
0.288842
3.11804
-0.765228
-0.557351
-5.15264
-0.0256076
4.03561
-1.36548
-0.177604
7.68852
-16.1812
12.1305
-4.90846
-7.03755
0.827791
0.985612
2.3197
-0.113757
-1.9552
5.63267
-5.78134
3.38509
-6.42987
-0.423208
17.389
2.71248
-0.133346
-10.1686
-4.09221
-3.1351
-12.1309
-0.19368
-3.77222
6.565
-0.00190952
-2.33658
1.52607
-1.19087
1.86909
2.99639
1.24854
-0.433201
-2.07382
1.67836
-7.11579
3.55223
-0.435195
-7.63186
-5.23174
-2.44426
-6.26713
-12.8356
0.112947
-7.53955
3.59955
0.900987
11.0507
-1.10872
-1.14605
-1.92975
0.253875
0.445906
-9.11447
1.71601
3.85879
-5.3966
-4.82708
-6.67741
-7.33312
0.0548174
2.4638
-3.12301
1.29937
-0.928414
-4.61548
1.14271
-0.136466
-8.10958
-1.67225
3.52321
0.0637747
-2.90493
-9.29436
-1.64401
-2.50779
-7.93207
-0.272356
-1.85059
-2.6671
-2.10904
0.453588
20.6137
-6.37548
-10.2147
-0.988884
4.17571
-0.631947
-1.97112
4.60862
-9.45228
7.05576
3.66015
0.959632
9.36286
5.89208
3.48783
3.8472
-14.3566
1.74085
-0.18726
4.06927
1.08655
-8.6372
-2.70909
3.22
4.20195
-2.77231
0.0173939
1.76593
0.900427
10.2164
-0.233346
-1.94308
-0.924358
4.55414
1.78926
-1.95609
4.39973
-4.35445
-1.06283
12.4952
2.36314
5.43118
-1.8523
-4.19324
1.17331
-12.8323
-1.56173
3.18734
3.32153
4.43317
-0.675664
-0.660175
1.29133
-2.39588
-3.19743
-5.23331
-0.0890053
-1.99118
0.210907
7.19895
-0.341934
-0.213629
0.200897
19.8701
-1.32339
-4.5294
-12.0159
-1.69262
-0.829398
2.94438
4.09617
-1.1847
-0.418929
-0.0534986
4.21785
3.85783
1.68901
-0.931149
0.130083
-1.60198
-6.24079
6.44899
1.17039
2.15861
-1.50645
-0.883462
-2.18383
0.750751
-1.04625
-14.1167
-6.58405
9.31969
4.18265
8.68831
6.84063
-2.69274
2.28708
2.11297
6.75002
-0.0616603
3.08657
4.53545
-5.02577
-2.74989
0.327523
-6.38336
14.792
3.672
-0.299799
