6.50145e-11
1.58477
0.145972
0.900738
1.20523
2.01733
18.4318
1.77311
1.2454
0.189427
0.871015
1.32215
3.15652
0.919037
0.479765
1.20873
0.479988
0.971682
9.18895
0.142131
89.5564
0.937894
4.86679
0.842003
0.580559
0.0607847
0.446741
0.68621
1.20104
3.67011
10.5401
5.71956
1.79576
1.26071
0.830333
0.262339
3.47334
0.981609
1.45914
0.782808
0.918896
2.11828
1.341
0.301966
9.43887
0.375424
0.590398
0.0598261
0.497261
2.10077
0.958937
0.985955
1.13263
2.53398
0.465615
0.102781
4.37824
0.423202
0.460793
0.528757
1.79951
2.24466
1.01478
1.12857
1.40617
0.0243696
0.370022
0.614448
0.906288
0.779488
0.438506
1.54514
0.12848
1.50413
2.97687
0.866728
1.77525
2.1822
0.0564173
0.836776
0.951834
0.819282
0.40999
1.74903
0.753364
5.30566
1.96913
0.662465
3.67546
0.257494
1.43079
1.6658
0.588321
0.812304
0.36915
5.56483
0.0703137
0.0810059
0.176165
1.7746
2.32675
3.14728
4.08813
1.36641
0.847566
2.19751
71.3318
1.91649
1.69857
0.532778
0.755266
0.764176
0.778979
0.977465
0.971479
0.282934
3.7537
1.20882
1.00019
1.62719
0.533856
1.07782
0.668276
1.09058
0.750838
2.80331
7.81368
0.799225
1.07375
0.993059
0.636493
3.13566
0.397128
8.05487
1.01226
0.033171
5.63642
0.714281
0.749035
0.104747
2.26819
1.2428
0.755685
4.67994
0.323681
1.00214
2.4707
0.620423
1.39729
0.129264
3.74578
15.7368
1.00533
1.36821
0.216666
9.42378
1.43269
9.45582
0.842576
21.4927
1.10055
0.308468
1.09252
0.47294
5.36053
0.899692
1.00154
11.6606
0.83705
4.109
0.52094
0.409445
0.0542969
0.937089
3.52246
0.03451
1.89348
0.732645
0.795647
0.169014
1.28852
0.879938
1.42647
0.72316
0.753774
20.3706
4.7556
26.7918
0.238304
16.5465
4.6158
0.948366
0.926389
1.44359
12.1897
0.601113
0.0867059
0.966529
0.392785
0.95808
0.661518
1.25651
0.610661
0.104074
0.148669
2.36575
0.73028
0.2407
0.875981
1.42204
0.119814
1.07135
0.959029
0.851877
0.691908
1.07451
0.94186
24.9253
2.30983
0.343366
0.242671
0.968813
3.07358
0.863903
4.70522
0.983113
0.348399
0.990219
1.89387
1.18605
0.887089
0.561774
0.30371
0.629624
1.04887
1.84646
0.407808
2.66321
1.70507
0.32975
1.77502
0.680682
3.151
4.88046
0.20397
1.39283
31.9084
2.70128
1.63768
0.345694
1.17302
1.10472
1.23141
1.25039
0.915452
1.02729
3.48159
1.20852
0.106162
0.545886
0.488201
4.99215
0.937776
1.61804
1.06209
18.4765
0.42185
0.183493
18.3547
26.6587
0.337097
0.682362
0.126517
0.402434
0.62146
0.59123
0.962675
0.520753
0.279873
2.52916
112.545
0.692343
4.67016
0.414913
0.530282
0.737185
0.893075
1.42041
0.942102
1.40784
1.04508
1.96395
0.0806879
0.962794
3.11333
0.672849
3.65305
0.0596484
1.11078
0.604883
1.09123
0.733282
0.967737
0.454777
1.14092
0.638839
3.66064
0.954713
0.822775
1.59413
1.28119
0.788756
0.835098
4.68264
2.36983
0.606446
0.882403
1.13385
1.04599
0.978126
1.7176
1.70821
0.171989
1.02424
0.164982
0.416982
0.609931
1.56646
498.599
1.75199
0.20774
0.254175
0.706859
5.22178
0.110551
3.95037
0.265571
0.0696689
0.00115627
2.60281
0.916269
1.10314
1.16771
0.708457
6.78714
4.50851
0.451258
3.17273
10.9689
0.889032
1.0881
0.847758
2.54188
2.50944
0.799252
0.187838
11.2303
3.12077
3.24729
4.23322
1.53631
1.1915
0.874587
18.312
0.776215
52.5692
1.21531
1.40047
0.958305
0.865734
1.55361
1.21249
0.109757
1.05745
1.36887
0.372108
0.331098
1.09423
0.046793
0.932115
0.211285
2.90966
0.870905
0.504417
0.700278
1.04508
1.76268
0.618114
2.73526
12.4554
1.69827
0.845335
1.0472
5.45882
0.998211
0.512375
1.10559
3.02192
0.708187
2.01954
0.507679
37.4125
0.543952
0.954296
0.669365
0.522098
0.48518
1.54284
0.114792
1.44694
0.252779
1.21133
2.78314
0.924906
0.146082
2.6782
0.331449
0.844983
0.635187
3.08589
0.874945
7.82905
0.07007
0.892766
0.333649
11.3216
1.10284
1.6421
1.23847
4.26696
1.21966
1.25718
0.47384
0.327669
0.574003
0.376691
0.116817
0.716762
0.424937
1.21425
0.761373
0.0246813
1.54257
0.54095
1.22661
1.20692
0.0121431
2.30864
0.393741
106.538
0.11645
1.10006
0.440367
0.240602
0.956707
0.886382
0.678255
0.956635
0.459733
0.884679
0.762226
0.483812
1.62268
0.389415
0.758519
0.858626
3.72068
0.0767496
3.49242
1.16105
0.811747
1.89927
0.0218572
0.0934111
1.297
0.465625
1.10955
0.927941
0.48372
0.0194819
1.70514
0.97972
1.10808
1.03147
0.819537
0.553798
0.892487
0.86388
0.907867
1.11294
0.0258139
1.10891
0.671479
0.4212
0.990319
1.01298
0.978587
0.174612
3.51116
3.54021
1.00054
0.317409
3.06785
0.997881
1.07078
0.139586
0.0318451
0.0667763
1.07011
1.13612
2.21625
1.21087
0.210285
0.986941
2.30762
0.601423
0.634182
6.82794
22.6177
0.949795
1.23034
0.44128
1.00766
5.77783
4.42036
0.588368
0.69816
2.15273
0.156109
0.725392
4.36694
0.414025
0.189242
0.952856
0.118672
0.994237
1.05852
13.8613
1.23426
0.83811
0.715568
13.5086
1.06958
0.0395258
1.77897
1.2068
0.985818
0.0890252
1.57223
0.753948
0.586484
1.65402
0.87797
0.699845
4.87504
0.973266
3.05819
1.0562
1.00477
1.20712
0.967607
0.823993
1.25856
0.996447
0.970151
4.38219
1.87988
0.705706
1.88101
0.621917
1.32954
1.91312
1.70411
0.88164
0.990341
0.274625
2.48361
0.782711
0.372424
2.16108
1.609
53.9538
0.978786
5.85564
1.103
0.533236
1.10178
0.26625
1.14923
0.823656
0.879078
1.97314
2.69253
0.833399
0.973987
1.37687
3.208
0.831855
1.06086
0.966766
0.905667
0.970712
1.65487
0.711072
1.08592
0.543722
6.46151
0.78286
1.08446
0.784672
0.16311
0.183196
0.828673
0.332971
0.0362843
0.96698
0.243753
0.980435
0.324027
0.723676
0.751129
1.86753
0.329677
0.963259
1.16722
0.472987
2.47145
0.811915
1.00592
1.52733
10.2368
1.85253
0.848496
6.94702
0.624654
52.3302
1.00793
1.08529
1.1551
0.688153
0.93506
1.08752
6.73102
10.2566
1.68578
0.933765
0.919909
1.01694
0.377961
1.07254
0.883008
2.19568
8.11398
1.49859
1.73204
2.54758
0.421659
1.00396
3.57916
0.274196
0.783137
7.4455
1.08998
0.447003
1.32743
0.401834
0.876286
0.640642
0.829888
0.214596
1.92931
0.314057
0.126189
3.12434
1.05653
0.560264
0.494753
7.88372
2.45134
0.627194
0.530151
1.52988
1.21635
0.163568
1.00644
0.787138
1.96595
0.0868024
2.60439
0.972984
0.0460456
20.1651
0.970291
0.831957
1.08357
0.931071
0.136393
1.48916
0.460618
0.0582516
0.841733
0.716252
2.24439
1.01516
0.370448
0.797587
1.01515
0.786906
0.129003
0.865856
1.51803
1.49008
2.94086
7.76596
2.44706
0.998844
0.925669
0.953708
1.09667
3.75915
0.990256
0.672755
0.959703
15.0298
0.302743
3.40587
0.559331
0.80152
0.934008
3.28861
2.2221
0.626957
0.259239
0.106774
0.219817
0.589929
0.93202
1.84596
0.0270726
1.76527
0.926054
1.53581
0.841904
0.973618
1.46688
0.161366
1.87483
0.574818
3.70717
1.09562
0.647639
2.92222
476.685
0.918969
5.91622
0.72175
1.24763
0.894169
1.71357
40.1228
0.752166
0.93433
0.17553
11.1678
0.00235889
0.27875
2.19127
1.53616
4.90944
5.04071
1.52223
1.15471
0.198425
0.780219
0.530451
2.28121
0.144648
0.821963
0.0847381
0.289465
0.927665
0.558798
0.853798
8.88651
0.36529
0.52883
0.0735161
0.413235
21.3373
0.411854
1.30594
4.44816
1.52774
1.42954
0.911116
5.18907
0.875438
0.216268
1.5798
1.39053
1.06877
2.05024
0.83845
0.879559
0.305306
0.994121
2.53257
0.730217
0.95993
5.87289
0.0240926
16.3325
0.322964
0.197808
1.20998
1.25476
1.70596
0.974147
0.6375
3.65819
0.264159
2.18026
0.227517
0.90715
54.8157
1.86745
0.969762
0.0961925
0.389744
0.485837
0.0612217
0.956383
0.419545
4.5342
0.99956
0.583905
1.42104
0.760174
1.53783
1.9936
1.33307
0.905065
0.620323
1.47176
0.194277
2.26581
0.90465
0.17251
0.299796
0.569606
0.236204
0.0520522
1.02635
0.176216
2.29063
1.23055
12.737
0.77469
0.768059
0.641247
1.0602
1.10813
0.122618
1.48457
2.43153
0.288629
0.329073
0.214911
0.184794
1.0127
1.76352
0.48719
1.34877
0.80753
0.345503
1.30098
0.969066
0.15454
0.680417
2.25072
1.01479
0.512279
0.117642
0.684856
0.561333
0.160988
0.939214
0.653042
0.541115
0.615313
1.11009
115.177
0.230384
0.0951767
0.796364
2.6156
0.86458
0.635167
2.88976
0.113442
5.07664
2.32282
1.24728
8.63546
3.88337
2.23246
2.42504
0.0366724
1.49309
0.957798
2.55227
1.28427
0.136861
0.535908
2.09894
2.63145
0.528164
1.00401
1.50173
1.23039
10.5109
0.947688
0.639281
0.808284
2.85374
1.50982
0.637369
2.75406
0.366906
0.782918
17.7632
1.72312
3.49236
0.652785
0.380782
1.31018
0.0520917
0.697955
2.08321
2.14859
2.77535
0.855921
0.858979
1.34627
0.575986
0.478913
0.299688
0.979714
0.63224
1.04976
5.24681
0.924287
0.952
1.04734
97.0528
0.737329
0.35242
0.0628652
0.677233
0.826153
1.96987
2.56813
0.761254
0.908044
0.987757
2.6411
2.43099
1.47537
0.807022
1.03041
0.691516
0.237641
4.41468
1.3093
1.64385
0.706896
0.815932
0.604807
1.18871
0.785913
0.0387556
0.219581
8.55005
2.61978
7.39317
4.83129
0.537931
1.6932
1.62666
4.73154
0.985902
2.03543
2.84148
0.314357
0.530898
1.07833
0.229966
30.1439
2.32917
0.933297
