339.059
2.78984
1.26401
1.52206
32.432
0.158299
0.672414
1.09843
1.4554
0.756093
0.15446
0.550882
0.975692
7.38932
1.32213
0.994067
1.37999
8.08705
6.05716
37.4739
13.7071
14.9558
1.0505
0.599596
2.69273
1.20068
1.18195
8.18904
0.739267
1.55351
0.588184
6.57279
6.07178
41.4479
1.03688
2.19143
0.301621
0.297887
1.16215
0.714464
3.99091
0.0638574
1.56505
1.81835
0.343998
27.2315
0.585148
2.34405
4.23741
1.3505
0.655902
1.25084
2.26433
2.38474
0.548981
0.51305
8.10348
1.35878
0.000286403
1.25304
1.99807
22.6425
0.187172
0.669572
0.88878
0.348986
12.7534
27.3053
0.797218
0.268398
0.812159
1.12202
15.9629
5.37738
0.569828
1.37882
2.8912
0.975286
1.32954
2.0758
29.2948
1.27066
1.00916
3.97648
1.0801
0.592076
1.29283
13.1675
1.06914
1.75721
0.731463
1.00576
0.705061
0.289559
1.86816
1.1017
1.06128
0.993465
0.906734
1.03932
0.373833
0.531267
3.95834
0.994785
0.808062
1.68155
0.322077
1.76073
0.986926
0.950306
1.10259
0.854603
1.03257
1.06678
0.507924
3.97854
1.08819
0.37691
0.58824
0.86563
0.394768
1.13827
2.28377
0.263058
0.787325
4.38351
0.392152
41.7287
0.102826
4.03311
0.0662594
5.80893
0.797071
0.443431
0.787751
1.79571
1.30981
4.78647
1.23229
0.910237
1.00305
0.53037
1.29817
1.3425
0.576139
1.12945
0.559052
1.21633
0.336954
29.0557
0.415386
0.0345881
0.332957
0.286997
3.18663
1.30478
0.96703
1.25156
0.935501
1.08677
0.490128
21.2255
0.645126
1.00437
0.405021
0.204259
0.716355
0.835087
0.556936
1.06138
1.81986
0.34086
1.19943
0.96782
1.0511
1.02765
0.0153554
0.408737
1.00303
0.822634
8.11893
0.947525
1.00345
0.918889
0.162019
1.37442
0.98586
1.41227
0.857077
1.44287
0.9815
0.0318631
2.41762
0.601329
0.897177
1.20127
0.86338
0.988062
0.155889
267.558
4.0965
0.571906
1.12418
15.8457
3.29184
1.78523
0.072327
0.666893
2.0417
4.23787
1.07422
62.0981
2.01788
0.879506
0.13273
0.723732
0.989661
0.209484
0.593975
0.472621
1.54576
0.829562
0.217062
0.19084
0.482994
3.6706
0.417171
1.12001
1.00063
26.0908
0.812624
2.76942
0.98768
1.79226
0.847013
1.54337
0.865632
0.701977
0.218718
1.08406
0.84716
0.203968
12.8725
17.4117
6.51219
0.273211
1.46189
0.554281
0.376024
0.758326
1.28953
1.1461
21.9917
2.59227
1.21152
0.00531904
0.473932
1.5271
0.933661
8.93394
1.76162
0.913235
13.8815
0.190262
0.391168
1.22392
0.567149
0.969369
0.992424
2.21675
0.646516
0.431034
1.79735
0.627388
31.7342
0.710461
1.00766
1.08598
1.02082
87.3942
1.80049
0.25643
0.617909
1.14979
1.16233
3.83594
0.886361
1.24935
0.771057
0.231125
1.05034
1.41945
0.983305
18.7428
0.470286
0.90639
7.76492
0.745006
1.55189
0.988842
8.31527
0.368567
0.49898
0.9626
0.677818
2.00291
1.14336
2.55513
0.874336
59.7766
1.52891
1.92001
1.02781
1.90301
1.25946
0.732712
1.26463
0.129744
0.391217
5.48191
3.95484
4.97462
0.671343
0.691638
1.02246
1.21219
0.678048
0.103181
1.49962
0.0177028
1.18437
1.74528
1.58404
1.44427
2.64462
0.209146
1.44905
1.75147
1.49974
0.977462
0.839007
0.986669
0.172404
5.32396
0.618635
0.485803
0.696887
0.779776
247.209
1.81663
0.841167
0.899824
0.903732
1.06531
1.05395
0.709331
0.0782893
1.17795
1.58189
68.9301
4.37567
1.02489
2.80798
0.888717
0.605237
0.630058
1.91699
0.74264
0.824521
0.98626
0.370395
0.936609
0.844904
0.958479
1.53634
0.388282
38.0041
0.706931
1.70066
1.04976
0.0857827
0.269767
0.638199
10.73
0.497561
0.339273
28.4892
0.899582
3.24916
9.71959
3.84515
1.03038
16.3966
1.49501
0.861107
0.573869
0.116671
2.73469
0.137034
0.286869
4.04757
0.833375
2.45372
0.695438
12.199
0.999317
0.847802
3.29855
16.4338
1.27665
0.038457
0.720135
16.6405
0.551075
1.17789
0.518299
9.1136
1.03871
0.14801
0.96601
0.612366
1.05095
1.12411
0.543438
1.03854
0.238593
1.79024
2.09071
1.65846
1.08274
1.10596
17.1961
1.06116
0.188692
1.23218
0.198897
1.71595
2.66224
1.22719
0.648103
15.2691
5.97481
0.930124
0.0456454
1.02638
3.15238
3.21774
0.767837
1.31603
1.71361
0.157357
0.87911
0.884631
6.53787
0.946356
1.00745
0.0538241
0.0588347
1.15609
0.3898
3.03272
0.300428
0.116077
264.935
0.883324
0.60762
0.996159
0.800978
1.01258
0.981309
0.490668
0.615193
0.963232
0.87549
1.15791
1.29221
0.990579
2.32617
1.22146
2.03387
1.22904
16.101
4.00965
0.562982
0.59341
0.583084
1.36606
1.49252
1.54049
1.49843
8.9501
0.713354
3.04204
7.16659
1.10425
6.18522
0.34701
1.7311
1.75957
0.821711
1.02896
0.0632764
0.252085
0.377566
0.150277
0.130521
3.05133
1.51234
0.612631
0.697724
3.18785
213.411
0.772169
0.167721
1.15146
0.408576
0.390165
0.573522
22.1039
1.08306
1.30777
0.171264
2.70597
0.259973
0.902708
0.101803
0.259465
0.479068
0.357324
27.8564
0.791889
1.02773
1.03662
1.2602
1.45712
1.03571
11.2313
0.843562
1.07283
0.966659
6.10501
0.839233
1.03588
25.9897
5.48996
0.467628
0.485059
0.0686785
1.02792
2.65589
1.07206
0.776156
14.2502
69.0556
1.97755
0.968995
0.587153
7.38786
5.92895
0.297713
1.11902
1.07769
0.994213
1.49035
8.62072
0.761493
0.0931324
0.954423
0.382083
0.729423
0.0640355
2.5938
13.1281
33.6323
1.78952
3.08487
1.17079
1.95731
1.92551
19.6339
0.999138
3.23931
2.69236
0.912107
0.377887
0.799147
0.247574
0.975113
0.393619
1.75295
2.94777
1.01859
0.571588
0.448784
0.895103
1.39273
0.56481
0.147584
0.0173902
1.6193
1.22894
0.711648
2.66512
1.6115
1.46039
0.31332
0.170681
2.21725
1.00265
1.11064
0.337717
1.36287
0.434933
0.0144525
23.1491
0.0802447
0.480409
1.16086
0.546692
21.5975
0.487605
1.0079
0.886335
13.1121
1.01083
0.485376
1.21462
0.750261
2.36215
0.994188
0.217139
0.0209515
0.779899
1.93824
2.44121
0.617938
0.840779
0.982316
0.976841
0.609988
0.624438
1.2885
0.409589
1.56856
1.21523
0.529818
4.69111
0.566152
0.682412
1.15954
1.12428
0.999043
2.21656
1.04521
2.73534
5.38617
0.746517
1.07479
0.904047
1.77339
0.346248
0.50768
0.165168
0.469632
1.17746
0.199826
0.669381
0.98418
0.245025
0.943034
0.381563
4.56579
0.997058
10.0518
0.333214
4.95686
3.5551
0.019753
1.74045
3.83527
0.981249
0.0595881
0.994089
1.90585
2.97976
0.359787
3.07612
1.73653
0.566916
0.430127
0.904177
1.2662
0.897753
0.381813
0.408859
0.574465
0.305751
1.45625
0.653683
0.946631
1.52594
2.1798
0.191346
0.942687
0.766106
1.16381
0.144715
0.361388
0.655791
1.0643
1.10325
3.47065
0.417521
0.251387
0.673932
4.17117
1.05559
1.23243
0.785961
0.33837
2.30516
0.536728
0.816978
2.20751
3.149
0.610389
0.0872446
1.03181
3.44634
1.06932
0.540182
5.26824
0.98897
0.125526
1.01447
0.610586
1.02054
1.81994
4.71968
4.83034
1.00191
6.01503
0.0448282
2.21425
1.15917
0.551654
0.352457
0.938166
0.952067
0.787749
0.669744
23.8008
1.09555
1.51974
0.562538
0.364304
0.158939
1.08969
0.176384
0.438664
0.765191
0.928353
0.211941
0.601296
0.745351
0.777994
7.37381
0.561739
1.00314
0.534734
0.741035
0.561754
0.0692491
19.6328
0.975289
120.777
0.57175
1.41308
0.648272
1.58526
1.0876
0.554575
21.2465
4.59044
2.54144
1.0572
1.08806
1.4325
48.4186
5.24142
1.03107
0.955084
0.880018
5.87649
1.24957
0.320279
1.35914
0.426649
0.495226
0.801444
2.13929
1.07128
0.762565
1.03119
1.29434
2.21394
17.5145
17.6571
0.250357
1.20264
84.7428
1.00682
0.15124
0.029405
0.62547
0.561867
3.5505
15.8437
2.54722
0.552976
1.17758
1.08027
0.399499
0.990599
5.65752
0.72205
22.5369
0.982968
1.33625
0.185774
1.83852
15.9494
6.93251
0.351144
2.63239
0.214515
3.76394
1.10311
6.91869
2.23537
2.96918
1.11031
1.03327
1.03174
1.23592
0.403129
0.527202
0.930198
0.92253
69.2342
3.68318
0.898215
1.22186
15.2397
3.78716
1.11751
0.441704
1.04999
0.175001
0.0416342
0.880851
0.944274
0.888271
1.44113
1.39774
1.39774
0.727321
2.45637
0.863416
1.164
9.13535
1.2015
1.03278
0.61184
1.75289
1.38353
0.588418
1.40645
0.790096
1.02774
0.314402
1.42703
0.69922
1.11828
1.00741
7.25437
1.04359
1.09365
6.6257
2.25637
0.974722
2.52452
0.202232
1.31573
1.73535
1.83325
6.02449
0.2847
0.866097
0.492214
0.548301
0.509369
0.678594
0.427979
1.19764
1.00468
15.7262
0.0655039
0.853796
3.31378
1.33691
1.03923
1.71836
1.64261
0.978768
0.405129
1.01382
0.704094
0.638371
0.988374
0.272294
0.890927
0.787772
1.37207
0.895423
0.624744
1.82692
1.25039
1.10412
1.16316
0.946276
1.0742
0.817764
0.968214
0.439532
0.0841587
2.04921
1.11088
0.626925
0.32918
2.02845
0.213199
1.00299
0.699231
1.1654
5.05583
0.105062
0.263119
0.946713
0.463531
1.05996
0.302842
2.0997
0.0578756
4.49426
15.0733
0.231572
0.676726
0.0602393
3.41095
2.50239
1.11012
1.59601
1.61892
1.44857
0.234091
1.18828
1.06618
1.14326
4.66481
0.447592
0.536114
0.0786328
0.907804
57.1488
0.935485
2.55812
18.9346
9.21953
0.628289
17.1695
2.03704
4.41012
20.5114
0.902151
1.37157
0.0537764
1.04983
0.284641
1.2576
0.505394
0.709938
0.528927
3.94983
17.9659
0.706796
2.57744
1.02957
0.936046
1.12262
