25.3028
4.45579
1.01749
1.82433
15.1097
-8.0052
-1.72363
0.407739
1.62983
-1.21425
-8.11183
-2.58941
-0.106872
8.68605
1.21274
-0.0258454
1.39874
9.0779
7.82269
15.7373
11.3694
11.7481
0.213974
-2.22141
4.30193
0.794284
0.725974
9.13233
-1.31199
1.91314
-2.30486
8.17749
7.83316
16.175
0.157273
3.40728
-5.20538
-5.25949
0.652608
-1.4602
6.01072
-11.9479
1.94528
2.59678
-4.63444
14.3507
-2.32735
3.69968
6.27101
1.30493
-1.83161
0.972031
3.5494
3.77441
-2.60442
-2.8984
9.08671
1.33148
-35.4302
0.979658
3.00611
13.5492
-7.27758
-1.74203
-0.512058
-4.57193
11.0563
14.3625
-0.98423
-5.71221
-0.903589
0.500011
12.0311
7.30571
-2.44257
1.39507
4.61078
-0.108679
1.237
3.17185
14.6679
1.04029
0.0395916
5.99499
0.334652
-2.27622
1.1154
11.195
0.290332
2.44824
-1.35808
0.0249441
-1.51773
-5.38263
2.71415
0.420622
0.258302
-0.0284761
-0.425199
0.167479
-4.27322
-2.74687
5.97513
-0.0227095
-0.925552
2.2571
-4.9204
2.45693
-0.0571555
-0.221367
0.424129
-0.682354
0.139183
0.280742
-2.94201
5.99724
0.367049
-4.23763
-2.30446
-0.626675
-4.03658
0.56247
3.58652
-5.79949
-1.03846
6.41822
-4.06545
16.2044
-9.87899
6.0564
-11.7875
7.64096
-0.98503
-3.53174
-1.03611
2.54237
1.17208
6.80016
0.907138
-0.408456
0.0132373
-2.75421
1.13332
1.27914
-2.39473
0.528677
-2.52548
0.850519
-4.7243
14.6323
-3.81548
-14.6107
-4.77611
-5.42122
5.03332
1.15538
-0.145602
0.974509
-0.289557
0.361371
-3.09691
13.2686
-1.90356
0.0189515
-3.92523
-6.8982
-1.44871
-0.782683
-2.54195
0.258698
2.60038
-4.67423
0.789761
-0.142053
0.216456
0.11847
-18.1374
-3.88556
0.0131609
-0.847932
9.09499
-0.234095
0.0149715
-0.367369
-7.90435
1.38118
-0.0618473
1.49917
-0.669802
1.59226
-0.0810966
-14.9671
3.83388
-2.20887
-0.471221
0.796396
-0.637982
-0.0521602
-8.07185
24.2742
6.12413
-2.42675
0.508357
11.9991
5.17439
2.51695
-11.407
-1.75944
3.09993
6.27147
0.310917
17.9308
3.04895
-0.557613
-8.7703
-1.40422
-0.0451375
-6.78849
-2.26231
-3.25487
1.89143
-0.811511
-6.63416
-7.19331
-3.16059
5.64737
-3.79686
0.492219
0.00271691
14.1649
-0.901105
4.4239
-0.0538387
2.53402
-0.721098
1.88471
-0.626667
-1.53677
-6.60116
0.350525
-0.720347
-6.90438
11.0966
12.4084
8.13727
-5.63502
1.64916
-2.5627
-4.24784
-1.20144
1.10433
0.592216
13.4226
4.13681
0.833308
-22.7417
-3.24284
1.83867
-0.298106
9.51043
2.45911
-0.394176
11.4244
-7.20647
-4.07636
0.877545
-2.46303
-0.135109
-0.0330289
3.45718
-1.89421
-3.65489
2.54634
-2.02464
15.0153
-1.4846
0.033128
0.358217
0.0894795
19.4148
2.55392
-5.91032
-2.09075
0.606184
0.653308
5.83872
-0.523893
0.966845
-1.12913
-6.36153
0.213307
1.52121
-0.0731195
12.7283
-3.27638
-0.42685
8.90137
-1.2784
1.90861
-0.0487324
9.19876
-4.33483
-3.01917
-0.165543
-1.68887
3.0166
0.581812
4.07413
-0.583218
17.7653
1.84381
2.83303
0.119117
2.79442
1.00183
-1.35066
1.01962
-8.86913
-4.07582
7.38932
5.97129
6.9676
-1.73055
-1.60121
0.0964587
0.835724
-1.68739
-9.86401
1.7598
-17.5196
0.734878
2.41865
1.99766
1.59648
4.22363
-6.79551
1.61083
2.43404
1.76016
-0.0989999
-0.762345
-0.0582835
-7.63452
7.26235
-2.08566
-3.1354
-1.56838
-1.0803
23.9306
2.59267
-0.751175
-0.458425
-0.439602
0.274775
0.228218
-1.49151
-11.063
0.711282
1.99177
18.3841
6.41044
0.106786
4.48394
-0.512366
-2.18074
-2.0062
2.82619
-1.29222
-0.837982
-0.0600864
-4.31335
-0.284418
-0.731927
-0.184175
1.86487
-4.10853
15.7983
-1.50623
2.30618
0.210917
-10.666
-5.69011
-1.95044
10.306
-3.03153
-4.69451
14.5468
-0.459595
5.11771
9.87648
5.84914
0.129992
12.1475
1.74643
-0.649431
-2.41187
-9.33036
4.36908
-8.63171
-5.42317
6.07195
-0.791594
3.89824
-1.57741
10.8632
-0.00296723
-0.717058
5.18323
12.1574
1.06071
-14.1502
-1.42586
12.2117
-2.5879
0.711044
-2.8542
9.5969
0.16495
-8.29709
-0.150185
-2.12989
0.2158
0.508099
-2.6485
0.164232
-6.22343
2.52912
3.20293
2.19705
0.345248
0.437399
12.3543
0.257797
-7.24246
0.906754
-7.01372
2.34504
4.25248
0.88911
-1.88356
11.8381
7.76324
-0.314589
-13.406
0.113094
4.98638
5.07551
-1.14731
1.19265
2.33911
-8.03113
-0.559569
-0.532377
8.15437
-0.239456
0.0322413
-12.6902
-12.3037
0.62992
-4.09158
4.81833
-5.2226
-9.35252
24.2314
-0.5388
-2.16368
-0.0167134
-0.963796
0.0542739
-0.0819428
-3.09212
-2.10988
-0.16269
-0.577486
0.636736
1.11332
-0.0411091
3.66641
0.868804
3.08323
0.89565
12.0685
6.03107
-2.49505
-2.26645
-2.34269
1.35469
1.73919
1.87658
1.75637
9.51828
-1.46695
4.83165
8.55313
0.430662
7.91355
-4.59658
2.38323
2.45406
-0.85281
0.123984
-11.9876
-5.98453
-4.23007
-8.23107
-8.84319
4.84489
1.79651
-2.12801
-1.56316
5.03498
23.2922
-1.12288
-7.75412
0.612493
-3.88728
-4.08752
-2.4145
13.4447
0.346506
1.16532
-7.66334
4.32323
-5.85072
-0.444529
-9.92239
-5.8592
-3.19603
-4.46938
14.4493
-1.01336
0.118786
0.156188
1.0044
1.63495
0.152368
10.5043
-0.738829
0.305305
-0.147267
7.85686
-0.761172
0.153078
14.148
7.39569
-3.30099
-3.14206
-11.6318
0.119614
4.2421
0.302204
-1.10051
11.5382
18.392
2.96128
-0.136783
-2.31249
8.68518
7.72978
-5.26202
0.488389
0.324928
-0.0252068
1.73287
9.35544
-1.18334
-10.309
-0.202591
-4.17842
-1.37021
-11.9358
4.13936
11.182
15.2676
2.52737
4.89238
0.684776
2.91659
2.84545
12.9301
-0.00374686
5.10453
4.30133
-0.399544
-4.22638
-0.973733
-6.06295
-0.109453
-4.04924
2.43769
4.69493
0.0799975
-2.42917
-3.47963
-0.481269
1.43866
-2.48098
-8.30961
-17.597
2.09328
0.895307
-1.47735
4.25717
2.0723
1.6447
-5.04012
-7.67815
3.45815
0.0114849
0.455734
-4.71446
1.34454
-3.61577
-18.4006
13.6453
-10.9558
-3.18389
0.647816
-2.62257
13.344
-3.11931
0.0341884
-0.524021
11.1767
0.0467956
-3.13922
0.844397
-1.24787
3.73308
-0.0253131
-6.63262
-16.7878
-1.07962
2.87408
3.87606
-2.09055
-0.753181
-0.0774858
-0.101761
-2.14678
-2.04511
1.10085
-3.87652
1.95502
0.846575
-2.75873
6.71276
-2.47067
-1.65953
0.642864
0.508753
-0.00415733
3.4568
0.192029
4.37012
7.3128
-1.2696
0.313248
-0.43809
2.48804
-4.60612
-2.9441
-7.82073
-3.28242
0.709471
-6.99348
-1.74326
-0.0692547
-6.10789
-0.254727
-4.18434
6.59516
-0.012796
10.0224
-4.77277
6.95206
5.50851
-17.0437
2.40663
5.83796
-0.0822082
-12.2484
-0.0257467
2.80088
4.74182
-4.43954
4.88003
2.39682
-2.46481
-3.66404
-0.437466
1.02502
-0.468431
-4.1815
-3.88426
-2.40737
-5.14632
1.63237
-1.84633
-0.238191
1.83537
3.38416
-7.18181
-0.256327
-1.15711
0.658823
-8.39486
-4.42026
-1.83234
0.270651
0.42673
5.40411
-3.79322
-5.99657
-1.71384
6.20258
0.23495
0.907618
-1.04599
-4.70608
3.627
-2.70245
-0.877896
3.43903
4.98172
-2.14393
-10.5926
0.136009
5.37358
0.29106
-2.6746
7.21666
-0.0481671
-9.01267
0.0623916
-2.14253
0.0883135
2.60056
6.73912
6.83978
0.0082907
7.79238
-13.4845
3.45226
0.641453
-2.58333
-4.52894
-0.277201
-0.213324
-1.03612
-1.74091
13.7659
0.396316
1.8177
-2.49848
-4.38536
-7.98769
0.373012
-7.5354
-3.57868
-1.1623
-0.322868
-6.73785
-2.20912
-1.27639
-1.09024
8.67692
-2.50466
0.0135962
-2.71862
-1.30161
-2.50454
-11.5959
12.9298
-0.108665
20.8198
-2.42794
1.50168
-1.88243
2.00099
0.364684
-2.56039
13.2729
6.61854
4.05081
0.241591
0.366535
1.56094
16.8501
7.19449
0.132867
-0.199585
-0.555085
7.69118
0.967616
-4.94471
1.33265
-3.6993
-3.05197
-0.961269
3.30269
0.299043
-1.17723
0.133373
1.12048
3.45166
12.434
12.4692
-6.01441
0.801355
19.281
0.029516
-8.20335
-15.3158
-2.03794
-2.50366
5.50289
11.9986
4.06067
-2.57294
0.709918
0.335342
-3.98484
-0.0410212
7.52626
-1.41433
13.5289
-0.0746052
1.25889
-7.31014
2.6447
12.0274
8.40891
-4.54515
4.20351
-6.68543
5.75643
0.426177
8.40024
3.49349
4.72636
0.454442
0.142138
0.135698
0.919902
-3.94555
-2.78023
-0.314244
-0.350195
18.4032
5.66223
-0.466196
0.870224
11.8298
5.78313
0.482503
-3.54868
0.211848
-7.5696
-13.8055
-0.550976
-0.24902
-0.514546
1.58703
1.45426
1.45428
-1.38274
3.90294
-0.637797
0.659523
9.60725
0.797255
0.140091
-2.13362
2.43755
1.40988
-2.30314
1.48126
-1.0232
0.118814
-5.02515
1.54434
-1.55386
0.485499
0.0320578
8.60599
0.185289
0.388766
8.21232
3.53411
-0.111193
4.0218
-6.94151
1.19167
2.39388
2.63221
7.7992
-5.45612
-0.624335
-3.07846
-2.60981
-2.92967
-1.6839
-3.68577
0.783278
0.0202795
11.9662
-11.8373
-0.686458
5.20323
1.26101
0.167132
2.35115
2.15534
-0.0932021
-3.92406
0.0596144
-1.52369
-1.94927
-0.0507889
-5.64961
-0.501581
-1.03599
1.37376
-0.479719
-2.04298
2.6172
0.970445
0.430154
0.656411
-0.239822
0.31086
-0.873723
-0.140287
-3.5701
-10.749
3.11587
0.456656
-2.02784
-4.82567
3.07163
-6.71214
0.0129756
-1.55379
0.664746
7.03792
-9.78556
-5.79848
-0.237814
-3.33921
0.252907
-5.18785
3.22157
-12.375
6.52658
11.7821
-6.35313
-1.69587
-12.2012
5.32875
3.98354
0.453686
2.03037
2.09226
1.60939
-6.30615
0.749197
0.278298
0.581445
6.68834
-3.49118
-2.70743
-11.044
-0.420081
17.5701
-0.28963
4.07921
12.7726
9.64709
-2.01841
12.3476
3.08999
6.44451
13.12
-0.447207
1.37217
-12.6941
0.211183
-5.45703
0.995411
-2.9637
-1.4878
-2.76604
5.96578
12.5445
-1.50706
4.11188
0.126557
-0.287028
0.502314
