0.311883
0.351156
0.12271
-0.115198
-0.246901
0.126172
-0.614738
-0.0775707
-0.018579
-0.589319
-0.622815
-0.640846
-0.433733
-0.963771
0.0813177
-0.70189
-0.196102
-0.203696
0.391267
0.626675
0.224719
0.0589931
-0.184789
0.893134
0.868096
-0.330201
0.166209
0.613054
0.0043563
-0.0249992
0.534436
0.0905674
-0.995443
-0.39936
-0.578818
-0.833597
0.572942
0.753363
0.0711335
0.405973
0.0147763
0.0502036
-0.477638
0.435388
-0.368261
-0.438377
0.37812
0.505106
-0.326627
0.146169
0.344407
0.114739
-0.704837
-0.0372922
-0.336188
0.361788
0.489852
0.1765
0.731864
0.276876
0.412689
0.116812
0.66565
0.104633
-0.056368
0.318078
0.0783584
-0.141799
-0.834501
0.275861
0.354799
-0.267929
0.457633
-0.448023
0.306002
-0.214022
-0.57813
0.49526
0.242119
-0.588121
0.813577
0.0850873
-0.018336
0.79361
-0.434
0.581766
-0.199521
-0.563333
0.343076
-0.437881
-0.133573
-0.895928
-0.435198
0.227357
-0.712127
-0.18074
-0.623954
0.497091
0.564404
0.699143
-0.0221217
0.14959
0.707996
0.076937
-0.33617
-0.560745
-0.210829
-0.757574
0.241721
0.0225196
-0.797417
-0.116171
-0.460606
0.326423
0.530961
0.144749
-0.788164
0.126646
-0.455006
0.308006
0.52114
0.330195
0.852392
-0.168263
0.236105
0.843263
0.919274
0.434705
-0.0249178
-0.104165
0.00993825
0.629139
0.440929
0.437433
-0.737661
-0.169954
-0.697621
-0.782475
0.236171
0.0698305
0.504131
-0.531531
-0.779466
-0.826106
-0.413911
-0.458809
-0.324923
0.0440988
0.196818
0.489854
-0.642423
-0.0841835
-0.775575
-0.156944
-0.558348
0.703098
0.223853
-0.451182
-0.331025
-0.212753
0.0554739
-0.178732
-0.170956
0.854306
0.902374
0.867434
0.104038
-0.370367
0.0777192
0.718944
-0.432151
0.614123
0.788759
0.647971
0.382189
0.175267
-0.724127
0.400367
0.485393
-0.392722
0.503444
-0.765097
0.328802
0.0229602
-0.171052
0.0113884
0.46344
-0.802312
-0.665707
-0.681085
0.533689
-0.768582
-0.755386
-0.112859
0.478093
0.141021
0.110458
-0.23776
-0.514875
0.241239
-0.328247
0.481037
-0.506013
0.917481
0.568095
0.716821
-0.220216
0.639796
0.808355
-0.37472
-0.0884412
-0.178039
-0.334844
0.367849
0.625963
-0.120054
-0.0855081
0.545396
0.413062
0.10151
0.0936288
-0.966983
-0.132789
-0.306696
-0.291497
-0.0434093
-0.391486
-0.377344
-0.929852
-0.19633
-0.671493
-0.378956
0.18858
-0.0895571
0.262976
-0.0376091
-0.602232
0.308157
0.637524
0.373129
0.632566
0.660491
-0.122338
-0.322081
-0.481163
0.267132
-0.378245
0.530979
0.193678
0.360814
0.825494
0.334824
0.0175637
0.675027
0.000253821
-0.296304
-0.398867
-0.482667
0.3839
-0.918862
0.319366
-0.163925
-0.906365
-0.121244
0.243203
-0.977258
-0.930856
0.253401
0.169534
-0.556383
-0.641508
0.39018
0.676906
-0.56035
0.550149
-0.0962522
0.381882
0.280872
-0.10419
0.715374
0.31495
0.817279
0.925447
-0.507297
0.523608
0.104152
-0.133736
-0.614835
-0.0749332
-0.0622177
0.161611
-0.909295
-0.427599
0.0503749
-0.462493
-0.853099
0.466322
0.598583
0.368286
0.288412
0.228473
0.778275
0.874403
0.340854
-0.176401
-0.114764
-0.662348
0.451499
0.010216
-0.346598
0.131442
0.240219
-0.780373
0.00422946
-0.558904
0.284193
0.0799001
-0.0257986
0.716208
0.448044
0.255804
0.315957
-0.137079
-0.214729
0.753821
0.153233
0.405814
0.707549
0.0118429
0.0616473
0.658766
-0.179871
0.72682
0.688349
0.627154
0.0531282
0.171176
-0.473465
-0.524358
-0.884299
0.282147
-0.240055
-0.150002
-0.868772
-0.895324
0.029929
0.424894
-0.901928
-0.729111
-0.881003
-0.766714
0.0435403
-0.557804
-0.708583
-0.421193
-0.516413
-0.109877
0.274097
0.57673
0.546449
0.133894
0.609997
0.115851
0.361631
0.298639
-0.140806
-0.219941
-0.432993
0.608941
0.374273
0.51708
0.534742
0.181636
0.627874
-0.402465
0.171376
0.0385076
-0.173154
0.162741
0.405758
-0.486943
-0.198396
0.410609
0.22741
-0.0186994
-0.088456
-0.771819
-0.10418
-0.903667
-0.538254
0.324021
-0.813858
-0.0441613
0.368967
0.660797
0.784768
0.375794
0.562826
0.737781
0.691065
0.189973
0.852855
0.0112913
0.731114
0.739813
0.737101
-0.00615216
-0.469799
-0.0334785
-0.121744
0.81936
0.0500781
0.773286
0.226849
0.317778
0.543194
0.074078
0.0233301
-0.603648
-0.461849
0.207115
0.170172
0.279086
-0.279228
-0.360258
-0.786451
-0.0901672
-0.671796
0.146782
0.430021
-0.424835
-0.575714
-0.610587
-0.244474
0.0467156
0.667802
0.0707215
0.54511
0.290244
-0.0683655
0.0842233
-0.109789
0.53354
0.876509
0.82194
-0.0273654
0.729885
0.82804
-0.445949
-0.320838
-0.291884
-0.438477
0.0468165
0.45721
-0.450213
-0.150955
-0.164203
-0.35682
-0.50861
0.379572
0.332962
-0.745595
0.404384
0.419453
-0.306559
0.484699
-0.34241
0.329761
-0.375192
-0.102299
0.41741
-0.691673
-0.434108
-0.44169
0.186479
-0.0310627
0.409991
0.586311
0.628735
0.114156
0.191072
-0.124535
0.478093
0.791504
0.841499
-0.243495
-0.152918
0.361497
-0.457464
0.037993
-0.272238
0.118447
-0.667527
-0.323732
-0.365578
-0.148008
0.103797
0.207446
0.63939
0.195389
-0.19416
-0.225982
-0.166065
0.228283
0.539997
0.566613
-0.598029
-0.365064
-0.772928
0.0113495
-0.399916
0.00180163
0.04736
-0.161628
0.0241395
-0.332727
0.367897
-0.204017
0.699178
0.636426
0.831705
-0.479553
0.0127938
0.26834
0.697294
0.742268
-0.00587523
0.316679
-0.638749
0.409949
-0.515097
0.155665
0.0114691
-0.883062
0.330539
-0.644437
-0.621711
-0.153477
-0.620819
0.369625
0.00584933
0.292925
0.0591223
-0.208817
0.884073
0.192139
0.78496
0.0100505
0.121871
-0.00824401
-0.00859609
-0.148354
0.361954
-0.504652
0.171136
0.612796
0.151636
0.746816
-0.545237
-0.495281
0.943773
-0.336539
0.753501
0.215007
-0.182581
0.600306
-0.53467
-0.336543
-0.650011
-0.575494
-0.70682
0.289386
-0.911439
-0.0122969
0.30092
-0.468691
0.58869
0.00853578
-0.503715
-0.238231
0.940934
0.627753
0.211292
0.136587
-0.372153
-0.436225
-0.470259
0.686209
-0.108947
-0.29647
-0.4386
-0.265366
-0.193118
-0.24046
-0.561467
0.0581812
-0.210843
-0.237573
0.0739718
0.295188
0.689241
-0.117892
0.692027
-0.165837
0.141296
-0.0396799
0.858937
0.375467
0.475174
0.123998
-0.445519
0.0656887
-0.353522
0.594913
0.006022
-0.166245
0.439121
0.309541
0.118381
-0.54329
-0.780845
-0.734425
-0.209469
-0.287514
-0.17357
0.447481
0.48871
-0.735978
-0.218856
0.324042
0.132069
-0.355974
0.236877
-0.340106
0.593227
-0.549466
0.351851
-0.376516
0.858271
0.113103
0.498891
-0.0765074
0.639336
-0.169133
0.477178
-0.0505754
0.977322
-0.46545
0.64062
0.142676
-0.376438
0.473673
-0.393625
0.0760064
-0.756018
-0.715504
-0.534739
-0.523914
-0.759388
-0.848545
0.166784
0.176947
-0.254241
-0.574137
0.00954648
0.24651
-0.908607
0.321292
0.417245
-0.720135
-0.189072
0.0519179
0.427959
0.0988241
-0.0274466
0.0268937
0.0717287
0.342262
-0.107119
-0.0423172
-0.445075
-0.320922
-0.479324
-0.0177871
-0.0843954
-0.381421
0.0297845
0.655819
-0.436518
0.645149
-0.0900435
-0.0887244
-0.129937
0.655021
0.598313
0.344467
-0.772287
-0.569693
-0.0521004
0.43524
-0.745961
-0.362698
-0.913324
-0.429063
-0.431215
0.0913645
-0.528594
-0.509829
0.325778
0.283116
-0.808739
0.512456
-0.57314
-0.0965155
-0.176275
0.668077
0.593245
0.354852
-0.112384
0.585086
-0.288968
0.977008
-0.313787
-0.263759
0.118406
-0.0350104
-0.422239
0.397029
0.244676
0.205348
-0.0369396
0.415945
-0.231154
0.0076124
0.0316584
0.154346
-0.783869
0.466976
0.565048
0.205886
0.167608
0.444572
0.347709
0.261607
-0.987981
0.409576
0.492876
-0.261294
-0.578543
-0.365712
0.236399
0.0403816
0.476805
0.48369
0.00139422
0.0582067
0.619888
-0.216884
-0.22056
-0.223969
-0.150578
0.509185
-0.372667
0.561601
-0.230329
-0.421668
0.595068
0.377657
0.513283
-0.828011
0.376452
0.451307
-0.79754
-0.154395
0.134467
0.290877
0.581823
0.555917
-0.250923
0.895353
0.636183
0.440105
0.523048
0.12473
0.883615
-0.334413
-0.469984
0.0322535
0.0210657
-0.318123
0.402318
-0.258224
0.12404
-0.490552
0.434596
-0.215807
0.115333
-0.168675
-0.456792
0.404325
0.176148
0.89579
-0.399722
-0.452499
0.689283
-0.0880749
0.143685
0.605134
0.146318
-0.48009
-0.488728
-0.24861
-0.0329366
-0.78102
-0.473617
0.537489
0.197919
0.270805
0.0220583
0.00110246
0.0115717
0.33527
0.474751
0.754743
0.849006
0.771887
0.498977
-0.122526
-0.616409
-0.0634537
5.61778e-05
0.197462
0.00821883
-0.891028
-0.637964
-0.624157
0.0593911
-0.183142
0.209936
0.805717
-0.0468425
-0.448417
0.756668
-0.450034
0.878066
0.757885
0.962627
0.0171537
0.367639
0.46661
0.048759
-0.228854
0.703885
0.686609
-0.415833
-0.394271
-0.595946
0.169091
-0.516896
-0.588886
-0.426606
-0.538993
0.199796
-0.810266
0.205527
0.100154
-0.00684912
-0.133158
-0.887369
0.445082
-0.683212
-0.737452
-0.0864156
0.380595
-0.364473
0.339199
0.252419
-0.616811
-0.285612
0.0798673
0.66864
0.189922
0.680437
0.0873288
0.725677
0.84701
0.170787
-0.367353
-0.579511
0.0757608
-0.138975
-0.306384
0.0373344
-0.295853
-0.67706
-0.627728
0.078481
-0.702323
-0.0378209
0.0357572
0.588572
0.323093
0.569697
-0.350228
-0.442469
0.663894
0.171931
0.104676
0.085065
-0.680053
-0.0235659
-0.381507
0.00304577
0.42494
0.290529
-0.870129
0.175212
-0.152927
0.451009
0.692963
-0.356035
0.370709
0.277085
0.598721
0.272865
-0.16278
0.272735
0.92207
-0.294374
0.618917
-0.379871
-0.609966
-0.405894
-0.463226
0.685339
-0.297403
-0.153307
-0.158963
-0.129559
0.332603
0.179922
-0.834132
-0.897942
-0.837413
-0.943942
0.314996
-0.173989
-0.395656
0.1878
-0.631506
0.565231
0.0667961
0.0366388
-0.646323
0.341808
0.386672
-0.517632
-0.537705
0.509297
-0.42114
-0.420858
0.559588
-0.20539
0.493298
0.508272
0.759984
0.364387
0.109712
-0.250634
0.0082823
-0.29174
0.0101791
0.133791
0.413266
-0.2097
0.417181
-0.588201
0.46825
0.216528
0.643201
0.151152
0.492522
0.454746
0.420464
0.15179
0.111568
-0.21005
-0.589611
0.0593829
0.108997
0.31314
-0.0220494
-0.625227
-0.716472
-0.179944
0.142873
0.0776112
-0.422155
0.659396
-0.279249
-0.465172
0.974216
0.0407731
-0.121614
-0.157413
-0.462038
-0.469895
0.301305
0.422024
-0.51842
-0.226099
0.37099
-0.679104
-0.140483
-0.327754
-0.0185619
-0.525446
0.513488
-0.662794
0.0232273
-0.793892
-0.820444
-0.876472
-0.609021
-0.948932
-0.386066
0.104348
-0.338478
-0.91415
0.226899
0.0466906
-0.691856
-0.811374
-0.531921
0.689318
0.564799
0.40729
-0.553087
0.867793
0.297135
0.352352
0.530702
0.286736
-0.0315596
0.224441
-0.301864
0.254517
-0.0694678
-0.00319722
-0.414717
0.171728
-0.920557
-0.0820577
-0.0288688
0.225568
-0.734943
-0.534456
-0.161396
-0.462056
-0.201058
-0.430701
0.34287
-0.196646
0.530425
-0.212429
0.00664212
0.0996457
0.289349
0.119582
0.47436
0.169531
0.281924
-0.348035
-0.0410004
0.550417
-0.649748
-0.743347
-0.3517
0.0898114
-0.390355
0.51116
0.0653164
-0.140329
-0.312559
0.989126
0.76434
0.19404
0.761706
0.74344
0.734143
0.393842
0.296919
0.432048
0.621099
-0.681764
0.607102
-0.659853
0.388602
-0.801597
-0.727459
-0.419785
0.32724
0.460829
0.269664
-0.947101
-0.230738
0.433592
-0.0436141
-0.150096
0.50107
0.490474
0.283469
-0.473478
0.112695
-0.0665879
0.341809
-0.581128
0.270618
0.661101
0.605
0.423767
0.142821
0.913599
0.969212
0.905762
-0.0461806
0.633428
-0.058565
0.14593
-0.105767
-0.269956
0.0784611
-0.503953
-0.13499
-0.208591
0.0314289
0.158769
0.288574
-0.461275
-0.691431
0.268047
0.476251
-0.921839
-0.879301
-0.799829
-0.705834
0.25336
-0.0717683
-0.204985
-0.879217
0.154363
0.0558091
-0.0847217
-0.16523
-0.415333
0.488439
0.0198609
0.320014
-0.467905
0.705257
0.168137
0.217578
-0.0645648
-0.34465
-0.379259
-0.100108
0.785141
0.225357
-0.549867
0.394645
0.347056
-0.199189
0.325657
-0.264224
-0.448199
-0.221501
0.39325
-0.523548
-0.153913
0.138911
0.424658
-0.149092
-0.940837
-0.0535827
0.165196
0.329416
-0.40998
-0.105782
-0.939329
0.557653
0.468591
-0.7391
0.292041
0.421384
-0.405811
-0.107926
-0.208898
0.221222
0.197129
0.563341
-0.342347
-0.31195
-0.186337
0.329127
0.640975
-0.185212
0.815218
0.207091
-0.400582
0.231396
-0.222162
0.80049
0.60491
0.600865
-0.762656
0.213951
-0.391313
0.270629
-0.875713
0.374765
-0.6528
0.167333
-0.566547
-0.875593
-0.58604
-0.322571
-0.067827
0.199382
0.180155
0.00683833
-0.0380009
0.466586
-0.00914028
-0.740995
0.636306
0.0282671
0.312435
-0.282532
0.479037
0.552125
-0.251384
0.561975
0.296907
-0.0699754
0.590618
-0.504567
0.823183
-0.382636
-0.186106
0.507811
-0.078324
-0.247212
0.188274
0.254042
-0.105908
-0.0835225
-0.0814337
-0.217926
0.186913
0.136348
-0.50649
-0.9028
-0.449077
-0.990636
-0.829906
0.306756
-0.541458
0.0551316
0.274826
-0.663552
-0.166686
-0.831849
0.249466
-0.539337
-0.106233
0.283623
0.617096
-0.371114
-0.342241
0.610952
-0.215172
-0.17887
-0.101692
0.0416343
0.350324
0.407399
0.590213
0.0796422
-0.177088
0.236936
0.135648
0.397038
0.426829
0.437204
-0.0883289
0.371293
-0.595671
-0.84533
-0.0638657
0.214996
-0.00452177
-0.772879
-0.795259
0.0634746
0.0217236
-0.970987
0.00523665
-0.861047
-0.244355
0.483628
-0.23833
-0.642186
-0.495681
-0.0193776
-0.287289
0.493246
0.0804725
0.686384
0.468416
0.251677
0.580424
-0.0253721
0.237486
-0.134432
0.633285
0.956246
0.264494
0.0533651
0.0349613
0.332019
0.26415
-0.0521468
-0.0682265
0.0491341
0.396656
0.350876
-0.0266361
-0.50693
0.0798352
-0.0773038
0.110521
-0.795219
-0.30794
-0.825282
-0.0335775
-0.135013
-0.030288
-0.618463
-0.0382117
0.538289
-0.845362
-0.72056
0.123024
-0.582644
0.693987
0.66533
0.746651
-0.44697
0.0364439
0.251951
0.839488
0.298607
0.819751
-0.115846
-0.00139773
0.946769
0.484509
0.465103
-0.35494
0.284088
0.105617
-0.304298
0.275712
0.542038
-0.517463
-0.516777
-0.346724
-0.522403
-0.714342
-0.37084
-0.889891
0.0731655
-0.188274
0.163273
0.394046
-0.903645
0.152737
-0.558904
0.236738
0.514987
-0.666091
-0.127445
-0.426005
0.00401551
0.222324
-0.606965
0.0914594
0.0335734
-0.248989
0.0361483
0.513632
0.264318
0.752776
-0.290402
-0.197149
0.229318
0.439371
0.0266758
0.179852
-0.47287
-0.183158
0.793303
0.631279
-0.494677
-0.421418
0.508219
-0.67519
-0.83274
-0.226702
0.486741
0.106126
-0.208239
0.300236
0.474068
-0.493795
-0.993189
0.0375566
-0.134211
0.441874
-0.688272
-0.841975
-0.0969102
0.534441
-0.21426
-0.566405
-0.0453458
-0.275873
0.470261
-0.424552
-0.256472
0.596996
0.166208
-0.0910791
0.605595
-0.467602
0.424743
-0.302524
-0.48908
-0.804699
0.166541
-0.59077
-0.111914
-0.965824
-0.820162
0.375632
-0.361751
-0.0809678
-0.369509
0.0921004
0.186966
0.234837
0.416666
0.695727
-0.460053
0.617226
-0.311431
-0.196729
-0.355405
0.0105366
-0.135373
0.508067
0.140284
-0.751761
-0.222835
0.411202
-0.0883579
-0.128395
0.715366
0.727836
-0.543944
0.858486
0.372855
0.985784
0.774932
0.85418
-0.11774
0.320118
-0.133971
-0.165576
-0.482699
-0.589946
0.153788
-0.85069
-0.0526282
-0.314443
0.0173919
0.415049
0.560678
-0.4079
0.680831
0.675736
-0.386209
0.683367
0.423394
-0.323901
-0.359454
0.293475
-0.561273
0.425937
0.449593
0.0863041
-0.572178
-0.245901
0.347207
-0.641398
-0.163024
0.0715226
-0.650409
0.636369
0.254948
0.0116175
0.894921
0.582012
-0.323081
0.0423776
-0.26611
0.71739
-0.285362
0.4784
0.58455
0.506511
-0.414102
-0.156632
0.430754
-0.572271
0.54811
0.0493654
-0.51559
0.322873
0.0353452
0.814126
0.567645
-0.208457
-0.0383807
0.658245
0.346964
-0.613868
-0.485005
-0.836927
-0.248035
-0.599468
0.029681
0.187582
0.210968
-0.367455
-0.152586
-0.739455
0.471043
0.157656
0.681335
-0.177542
-0.489166
0.63333
-0.309668
-0.0954177
0.727206
-0.36341
-0.156357
0.178821
0.476832
0.0814515
-0.591679
-0.674211
0.358926
-0.657009
-0.775503
-0.311191
0.25263
-0.121597
0.528478
-0.365557
0.869239
0.611951
-0.215729
0.462173
-0.249721
-0.162028
0.351975
0.0424446
0.543624
-0.0617915
-0.424402
-0.116438
-0.810273
-0.709655
-0.293952
-0.157327
-0.712303
0.407107
-0.331758
-0.346101
0.632795
-0.183545
0.400222
-0.0800006
-0.190705
0.410896
0.959747
0.890299
0.209148
0.3059
0.797743
0.475081
-0.411587
-0.0707039
-0.673799
-0.249535
-0.219757
-0.322884
0.311087
-0.265555
-0.0243441
-0.0776711
-0.0564209
-0.982305
-0.570968
-0.249524
-0.260562
-0.569799
0.0791694
0.476649
0.630063
0.671275
0.32653
-0.255198
-0.140338
0.0775884
0.452544
0.257008
-0.453551
0.948442
0.410034
0.92248
0.509268
0.591305
-0.0378946
0.466243
0.711853
0.503053
-0.105447
0.785941
0.426245
-0.650034
-0.718674
-0.40155
0.471275
-0.831663
-0.463669
0.174644
0.136576
0.458443
-0.26061
-0.786973
-0.840435
0.102753
-0.0196956
0.160336
-0.128077
-0.711623
0.212341
-0.469973
0.382352
-0.638283
-0.644263
-0.475808
0.410065
0.290004
0.136989
0.502155
0.124411
0.647902
0.405541
-0.40343
0.0793633
0.238953
0.206605
-0.20799
0.47329
-0.12822
0.0450888
-0.242985
-0.226728
-0.0436948
-0.409477
0.38227
-0.406203
-0.448254
-0.543332
0.772516
-0.326905
0.182832
0.888374
-0.27209
-0.0820998
0.110405
0.675705
0.399087
-0.684648
-0.762719
-0.372967
-0.58816
-0.203014
-0.651001
0.234728
-0.15884
0.467538
-0.595434
-0.700492
0.570172
0.710679
0.551216
0.510336
-0.452131
-0.103303
0.00839904
0.358919
0.671379
0.890254
0.644969
0.261611
0.833688
-0.245747
0.198208
-0.498614
0.359254
-0.71793
-0.10968
0.106099
0.161093
-0.116811
-0.278327
0.0769194
0.408321
-0.819056
-0.974019
-0.677725
0.0759655
-0.531895
0.466687
-0.211345
0.432701
0.385556
-0.0969448
0.028782
-0.232949
-0.0609565
0.80154
0.193388
0.39993
0.710658
-0.391148
-0.312138
0.280831
0.85088
0.197661
0.272299
0.484053
-0.414643
-0.595763
0.54019
0.396733
-0.727415
-0.675813
0.0257456
0.0496843
0.403219
-0.00273121
0.573451
0.339995
0.38551
0.797325
-0.197919
0.680208
-0.414045
0.715148
-0.516019
0.758774
-0.0749155
-0.286662
-0.829751
-0.292106
-0.388054
-0.646332
0.196182
-0.942167
-0.567849
-0.587743
0.333156
-0.485816
0.0993445
0.655868
-0.416784
0.570758
0.89656
0.425264
0.49644
0.184427
0.804738
0.348915
0.381781
-0.44561
-0.483936
0.636498
0.527252
0.724938
-0.0385674
-0.293162
0.542237
-0.652128
0.379939
-0.569345
-0.760931
-0.6061
-0.21207
0.0723555
-0.593583
-0.31801
-0.50722
-0.389841
-0.532944
0.285475
0.51827
-0.635033
-0.738294
-0.386126
0.55427
0.610046
-0.0574813
0.218096
0.78949
0.0810187
-0.280185
0.117216
0.712626
0.495866
-0.260617
-0.53728
0.114564
0.604475
0.0260904
0.332138
-0.670145
-0.566859
-0.756483
-0.397715
0.10744
-0.143411
-0.596619
0.15317
-0.0457296
0.811929
-0.14303
0.93442
-0.0776134
-0.157128
0.38899
-0.418666
0.637774
0.654695
0.245235
-0.623548
-0.843419
-0.122893
0.228044
-0.0668237
0.561569
-0.745178
0.125547
0.641588
-0.190941
0.934937
-0.0293091
0.386955
-0.444998
0.999518
0.511272
-0.232622
0.653805
0.566183
0.260603
0.353511
0.230265
-0.0941375
0.744932
0.709007
0.453376
0.332456
0.0606859
0.509152
-0.460658
-0.855648
-0.841548
-0.955807
-0.658005
-0.796396
0.205996
-0.519621
0.174615
-0.169918
-0.47659
-0.567071
-0.768582
-0.558444
-0.667839
0.154114
0.721959
0.613342
0.300512
-0.119343
0.0731378
-0.0255094
0.630134
0.641891
-0.209457
0.0522201
-0.539183
-0.158778
-0.294015
0.0831881
-0.470614
-0.0945235
-0.847402
0.457312
0.330864
-0.0484662
-0.0431739
-0.0741925
-0.58197
0.71987
0.0905091
0.390532
-0.329397
-0.190557
0.954295
0.459197
0.353557
0.399728
0.0896605
-0.550762
-0.702989
-0.24619
-0.0931902
-0.461475
-0.167992
-0.11599
-0.161055
-0.221189
-0.253504
0.414843
-0.563721
-0.354341
0.772782
0.664918
0.108937
0.214324
0.785391
0.449307
0.596253
-0.107574
-0.2072
-0.350933
-0.50209
0.160068
-0.893958
-0.824057
0.0293403
-0.718717
0.200671
0.119797
0.262776
-0.0882726
0.530381
0.348859
0.814531
-0.0587943
0.224917
-0.184643
0.305784
0.253395
0.502285
0.362169
0.181622
-0.899399
-0.570345
0.408822
-0.198823
-0.188228
-0.199164
0.0556601
0.310982
0.00328568
0.136039
0.124266
0.510649
-0.113775
-0.0120815
-0.362358
-0.710742
-0.401018
-0.365733
-0.713778
-0.0329906
-0.485006
-0.958598
0.00775062
-0.295463
-0.50795
-0.384982
-0.531366
-0.25755
0.485249
-0.00363273
0.717427
0.930489
0.364388
-0.164114
0.761109
-0.126875
-0.38289
-0.124569
0.362627
-0.221143
0.135943
-0.526534
-0.56426
0.422766
-0.193676
0.339015
-0.423144
0.736728
0.568246
0.983274
0.251853
0.235928
0.0407753
-0.429771
0.641488
0.359346
-0.357528
0.248531
-0.308404
-0.440654
-0.345242
-0.65348
-0.00438085
-0.196946
-0.304324
-0.0501989
0.29742
0.247394
0.526496
-0.382776
-0.115159
-0.453003
0.530979
-0.331803
0.625419
-0.375959
-0.450505
0.372364
-0.0589989
-0.517014
-0.734319
-0.324373
-0.900233
0.48466
-0.137047
-0.270442
0.362793
-0.409857
0.122632
-0.281415
0.4971
0.301751
-0.388552
0.366656
0.382696
0.495775
-0.220532
-0.505419
-0.246059
-0.452531
-0.580175
0.741498
-0.703097
-0.623946
0.244056
0.565538
0.437691
-0.561739
0.352922
0.440131
-0.391167
-0.972782
0.18836
-0.402501
0.368632
0.0225826
-0.355278
-0.6858
-0.0751735
-0.541746
0.269609
-0.522491
0.367582
-0.478279
0.226874
0.418576
-0.344027
0.340946
0.442262
-0.258068
0.650231
0.163132
0.594464
0.128558
0.728054
-0.22456
0.366265
-0.162671
0.274038
-0.229953
-0.379616
-0.115442
0.0846248
-0.491323
-0.58006
-0.365472
0.484889
-0.100972
-0.932053
-0.209795
-0.789034
-0.652603
0.0960233
-0.474283
-0.637457
0.00742967
0.381537
-0.745863
0.479945
0.189255
-0.176829
0.270359
0.547997
0.54429
0.747612
0.753634
-0.0268686
-0.118311
0.466388
0.361279
0.824741
0.720219
-0.351288
0.88895
-0.121378
0.425366
-0.0781131
0.223019
0.253895
0.0351998
-0.634606
0.0656604
-0.31814
0.629442
-0.181553
-0.836677
-0.291983
-0.146705
0.175619
0.0305451
-0.12345
0.462806
0.0999146
-0.592073
0.204239
0.00788743
0.333515
-0.549516
-0.00188114
0.522161
0.0351282
-0.616384
-0.181585
-0.170323
-0.1823
0.113595
0.633038
0.328906
0.405181
-0.477853
0.955212
-0.145511
-0.427007
0.421545
-0.497042
0.469452
-0.213757
-0.104027
-0.330659
-0.211687
0.699353
0.00875684
-0.655762
0.688543
-0.561932
-0.392757
-0.112117
-0.480527
-0.160949
-0.28382
-0.194545
-0.822581
-0.425722
0.259969
-0.56975
-0.33834
-0.15678
-0.392402
0.168875
0.480457
0.559666
0.180723
0.610486
0.519111
0.207372
0.108285
0.0468358
-0.272129
0.78469
-0.326925
-0.298276
0.216151
-0.555819
0.825585
-0.0153058
0.485055
0.352141
-0.79853
0.0619496
-0.663141
0.428197
0.39381
-0.305013
-0.148512
0.101233
0.11044
0.0961747
0.272664
-0.105302
-0.446775
0.335583
0.775802
0.0293763
0.835794
0.484191
-0.585445
-0.77627
-0.72748
0.289792
0.333105
-0.108381
-0.826113
-0.236161
0.154317
-0.0472743
0.411942
0.716665
-0.441262
0.929215
0.25356
0.253051
0.777626
0.974385
-0.157607
0.455485
-0.302934
-0.343403
0.699031
0.295234
-0.0260069
-0.551563
-0.145748
-0.506567
-0.210789
0.174517
-0.268466
0.166999
-0.730756
0.199608
0.191962
0.0462073
-0.0682778
0.440878
0.0966292
-0.861592
-0.199675
0.383643
0.37916
0.391408
0.557182
0.0298635
-0.132132
0.657776
0.344006
-0.0464731
-0.156227
0.508061
0.571398
-0.118762
-0.436744
0.6831
0.337276
-0.0370139
0.223321
0.223613
0.806798
0.646159
-0.406445
0.067391
0.654912
-0.681942
-0.703979
0.155033
0.427785
0.637391
-0.536549
-0.157942
-0.0659963
-0.272742
-0.232548
0.169857
-0.968204
0.162861
-0.443428
-0.199717
-0.570258
0.429834
-0.400917
-0.33053
-0.132069
0.285311
-0.331363
0.661392
0.292916
-0.305858
0.45964
0.348475
-0.11712
-0.240992
-0.438804
0.0903061
0.0276258
0.80958
0.46737
0.0290062
0.112054
-0.43661
0.34763
0.769827
0.207055
0.0250714
-0.44084
-0.210239
0.0226394
-0.459112
0.131598
-0.128506
-0.765227
-0.813073
0.214486
-0.385902
-0.948199
-0.0825155
-0.270199
-0.173027
-0.361688
-0.845207
0.221451
0.361193
-0.73704
0.250153
0.642589
0.179521
0.284218
-0.0125966
0.565527
0.712556
0.829501
-0.448784
0.544945
-0.208998
-0.226723
-0.378526
0.609606
0.194132
-0.137351
-0.490721
0.110127
0.60168
0.593614
-0.00120576
-0.0996482
0.492746
0.193075
-0.185398
-0.413998
0.28868
-0.180444
0.390552
-0.170242
-0.208416
-0.654297
-0.132781
-0.545332
0.224793
0.342991
0.00115836
0.338737
-0.570916
-0.366137
-0.588247
-0.659187
0.517371
-0.474709
-0.158174
-0.256804
-0.46731
0.080371
0.349514
0.453472
0.910798
-0.484865
0.0404091
-0.257366
0.559314
-0.546853
-0.63788
-0.542761
-0.150786
0.0749108
0.123628
-0.547913
-0.53313
-0.447221
-0.126198
-0.120333
-0.123062
-0.383946
-0.0462015
0.168497
0.430483
-0.285817
0.910259
-0.49084
0.803043
-0.420686
-0.550121
-0.818993
-0.440751
0.27199
0.135531
0.352517
-0.777682
-0.377453
-0.462079
0.12161
0.384904
0.581582
-0.481699
0.306063
-0.117082
0.686441
0.23021
0.162474
0.533724
-0.275108
-0.227607
-0.381573
-0.515555
-0.0720402
-0.557749
-0.0999639
-0.199904
-0.144254
0.0550421
0.571482
0.0776341
-0.261075
0.252416
0.745589
0.356916
0.733868
0.640162
0.396406
-0.419627
-0.0796308
-0.563763
-0.894391
0.398014
-0.372809
0.32881
-0.623311
-0.805058
-0.00375803
-0.741195
-0.717384
-0.618621
0.799491
0.802681
0.944368
-0.0457953
0.232533
-0.202414
0.218606
0.0587626
0.883158
0.036472
-0.0316049
0.592203
0.771558
-0.520937
0.0283961
-0.432313
-0.407227
-0.264596
-0.518695
0.0771341
-0.810777
-0.398497
-0.339625
-0.862463
-0.39125
0.231667
-0.768917
0.296438
0.395912
-0.873361
0.345833
0.548293
-0.517758
0.368034
0.610406
0.3663
0.788934
0.270319
0.349221
0.894071
0.39817
-0.127551
-0.089606
-0.403385
-0.117212
0.374826
-0.210763
0.686534
0.0226399
0.0445962
0.00530666
0.116244
0.448652
0.253504
0.483446
-0.911129
0.103228
-0.220365
0.571162
0.835691
0.361613
-0.30989
0.0268563
0.694262
0.783401
-0.00939862
0.297111
0.174312
-0.206302
-0.777552
0.415167
-0.694917
-0.6202
-0.29255
-0.84502
-0.855827
-0.785987
0.154978
0.207126
-0.0155722
0.216677
0.805657
0.370663
-0.228225
0.783165
0.256797
-0.355465
0.459834
0.373545
0.293431
0.587467
0.343302
0.361788
0.673716
-0.439879
0.590896
-0.726125
-0.375748
-0.532566
-0.187378
0.443984
0.325271
-0.587382
0.450163
0.443625
-0.031197
-0.880985
-0.638556
-0.568243
0.0721161
-0.387961
0.156652
0.291206
-0.527177
0.4006
0.0839799
0.164048
-0.318859
0.144405
-0.484935
-0.254504
0.50736
-0.450712
0.326564
0.920876
0.573324
-0.232188
0.493575
-0.0214913
0.229636
0.241207
0.188117
0.437894
-0.457447
-0.767607
-0.167355
-0.119762
0.482665
-0.31581
0.357803
0.62933
-0.368899
0.233732
0.699069
-0.251803
0.591819
0.205232
0.71739
0.655262
0.287088
-0.589273
-0.159942
0.440274
-0.160615
-0.105869
-0.700316
-0.20276
-0.747284
0.383788
-0.490668
0.0828182
-0.432028
0.950182
0.0856824
0.72736
0.637634
-0.251134
-0.253543
-0.30504
0.343009
0.220684
-0.375339
0.392186
-0.295154
-0.138881
0.719078
-0.348675
-0.36032
-0.822715
-0.682846
0.320838
0.144077
-0.255391
-0.321399
0.315397
-0.509772
-0.781736
-0.149817
-0.725449
-0.886957
-0.707454
0.169425
0.195207
-0.38279
-0.152732
0.756659
0.650818
-0.421633
-0.232724
0.0424411
0.455897
0.557854
0.177561
-0.369691
0.862141
-0.0622278
0.371182
0.308033
-0.482808
0.60063
-0.633816
0.00129218
-0.773835
0.114655
0.341393
-0.379678
-0.0960489
0.05962
-0.416844
0.0482897
-0.436546
0.807671
-0.221313
0.305552
0.309953
0.446196
-0.0274633
0.576253
0.139239
0.0239041
0.0201849
0.391697
-0.373954
-0.181627
-0.328173
-0.15005
-0.0852907
-0.157877
-0.447745
-0.0909705
0.0236716
-0.240671
0.533546
0.265595
0.690646
-0.139742
-0.119885
-0.455017
0.953338
-0.0851174
-0.461288
-0.153539
-0.133359
0.357703
0.685739
0.361177
0.482766
0.555675
-0.851876
0.400884
-0.375921
0.442191
0.113268
-0.375968
-0.694537
0.0989074
-0.0203824
-0.668175
-0.0492449
-0.0327182
-0.656181
0.389119
-0.728708
0.617164
-0.638175
0.0721231
0.419496
0.247521
0.470764
-0.110645
0.773696
0.837519
0.700868
-0.333838
0.958866
0.11218
0.554488
0.433007
0.952788
-0.262695
-0.322119
0.404646
0.380283
-0.592993
-0.195739
0.59433
-0.148849
-0.254891
-0.798543
-0.141782
-0.546998
0.194343
-0.885771
0.424572
0.264949
-0.176683
-0.0585164
-0.789078
0.509719
-0.768939
0.142619
-0.514333
-0.288267
-0.521867
-0.387167
0.174577
-0.526485
0.71781
-0.48776
0.359141
0.727551
0.946703
0.279197
0.258133
-0.432958
0.539437
0.303755
0.230663
-0.492918
-0.520111
-0.0114621
0.0897771
0.276502
0.455212
0.173974
0.268977
0.497415
0.231192
-0.337639
-0.361613
-0.135901
0.485498
0.329987
-0.975996
-0.814341
-0.473744
-0.932303
-0.765822
0.411477
-0.922207
0.545568
-0.351634
0.505681
-0.438915
0.0382126
-0.32936
0.784264
0.0433913
0.299642
0.0931643
0.0712609
0.276084
-0.272219
0.669359
0.762159
-0.0710632
0.597148
-0.288699
0.524837
0.0424446
-0.704728
0.505
-0.321811
-0.638137
-0.686487
0.491819
-0.36317
-0.813389
0.12335
0.468542
0.266576
0.0493395
0.274109
0.337551
-0.379527
-0.0877268
0.0295317
0.0940607
-0.645187
0.561763
-0.623928
-0.654311
-0.0906266
-0.600919
0.036046
0.242918
-0.635007
-0.654489
0.75231
-0.64206
-0.508969
0.531898
0.340632
0.0248419
0.706897
0.921556
0.889957
0.365163
0.65559
-0.312457
-0.519107
-0.456048
-0.212328
0.29613
-0.460892
-0.525657
0.583846
0.547709
-0.56507
-0.193421
0.444762
-0.140715
-0.751866
-0.509872
-0.894317
0.370149
-0.951302
-0.219173
0.220303
0.051195
0.18817
-0.252202
-0.51904
-0.752457
-0.659691
0.0819655
0.39006
0.82768
0.278309
0.25275
0.536515
-0.142841
0.128669
0.311732
-0.0319259
-0.0920758
0.381711
-0.341986
-0.111173
-0.478339
0.0928822
-0.941347
-0.779237
-0.00615584
0.0252421
-0.126199
0.419882
0.109016
-0.633608
0.236259
0.890088
0.14456
0.853307
-0.279552
0.465648
0.828864
0.623379
-0.315388
-0.239583
-0.565365
-0.87466
0.0836031
0.46939
-0.792962
-0.277541
-0.870477
0.534925
0.342352
0.754324
0.839399
-0.310013
0.68947
0.0668672
0.486974
0.0878324
0.266146
-0.308685
0.46478
0.0954287
0.519372
-0.24657
-0.401015
-0.91369
0.279231
-0.00245436
0.548082
-0.604793
-0.626106
0.441561
0.571042
0.695847
-0.173513
-0.0784359
0.9368
0.762388
-0.525101
0.456972
-0.274782
-0.0580231
-0.30328
-0.231646
0.317947
-0.576939
-0.0636545
0.081871
-0.0448496
-0.287726
-0.247924
-0.0137587
-0.601591
-0.168326
0.555474
0.338618
0.709607
-0.0376095
-0.31146
0.0990768
0.872442
-0.26892
0.663006
0.466289
-0.199318
0.0378092
0.510331
0.426629
-0.0494624
-0.446048
-0.00241899
-0.166241
-0.125576
-0.580783
-0.510473
-0.0676512
-0.496276
-0.506567
-0.959644
0.180085
0.0328872
0.309847
-0.603859
-0.139014
-0.0407476
0.096049
-0.164149
0.230485
0.0816451
-0.523647
0.0254459
0.676084
-0.497799
0.211894
0.303734
-0.374667
-0.0755517
0.0822861
0.0643412
-0.322824
0.285278
0.259966
0.647395
0.681039
0.509892
0.277601
0.405908
-0.255252
-0.567728
-0.0534456
0.366881
-0.0965656
-0.322014
-0.164055
-0.838618
-0.0620661
0.0618638
0.178655
0.154346
0.0856879
0.306097
0.322802
0.451625
-0.863469
0.133122
0.0944925
-0.283449
-0.346287
-0.464729
0.685564
-0.0326937
-0.195414
0.267308
0.422982
-0.225656
0.532584
0.353033
-0.475991
0.523735
0.545012
-0.354806
0.186628
-0.341893
0.344517
0.72716
-0.381894
0.561924
-0.21872
0.698066
-0.142623
0.508797
-0.139369
0.139943
0.502215
-0.151473
-0.706087
-0.681727
-0.292825
-0.139602
-0.464349
0.421507
-0.429349
-0.545353
-0.200862
-0.606303
-0.723352
0.150492
0.291051
-0.33609
0.605954
-0.495887
-0.350147
-0.184303
0.171746
0.4066
0.31875
0.991011
0.486013
-0.085311
0.32843
-0.435515
0.703795
0.029651
0.217159
0.379971
0.649968
-0.41244
0.565523
-0.4124
-0.016685
-0.817837
-0.620142
-0.616832
-0.890571
-0.705446
-0.686265
-0.801806
0.208091
-0.441241
-0.531964
0.148846
-0.00749435
0.344273
-0.235517
0.29637
-0.430961
-0.416712
0.131144
-0.477456
0.508079
-0.482245
-0.0140369
0.565147
0.484509
-0.2165
-0.239029
-0.487481
-0.424162
0.441663
0.744282
0.0737805
0.447699
0.47753
-0.324029
-0.585414
-0.533952
-0.567912
-0.651969
-0.488083
-0.372921
-0.702145
0.340343
0.274988
0.64668
0.494771
0.227506
0.967701
-0.31919
0.113656
0.575128
0.117545
-0.0239176
0.60768
-0.443192
-0.792564
-0.46597
0.129671
-0.172387
0.0277103
-0.796287
0.234359
-0.0825647
0.72692
0.712968
0.61485
0.155908
-0.418537
0.348362
0.466018
0.308052
0.485427
0.362779
0.405519
0.503201
-0.792839
0.443662
-0.59982
-0.158928
-0.457961
0.405645
0.666377
0.691515
0.647035
0.369579
-0.0364048
0.945598
-0.171467
0.387137
0.62597
0.150709
-0.464308
-0.161026
0.508431
0.360599
-0.14575
0.191465
0.0498321
-0.16639
-0.619699
-0.475879
-0.33257
0.347622
0.511895
0.340784
-0.34372
0.637413
-0.323454
0.372304
-0.31676
-0.361743
-0.000244428
0.451041
-0.692677
0.116046
-0.042198
-0.710705
-0.0249252
-0.431909
-0.354729
0.327042
-0.0431085
0.411484
0.444417
0.407988
0.648268
0.716931
0.365202
-0.253268
-0.426126
0.419753
0.810093
0.512339
-0.721152
-0.660277
0.0581957
-0.886177
0.302945
0.14381
-0.651607
-0.398329
0.456159
-0.482949
-0.401948
0.694657
0.067697
0.0526299
0.777672
-0.35618
-0.201442
0.53942
-0.556324
0.511195
-0.0510364
0.230952
-0.523566
-0.304095
0.209098
-0.520995
-0.350334
-0.625988
0.320836
0.247778
-0.178775
0.610377
0.571542
0.767746
-0.485879
0.604267
-0.0390178
-0.23965
0.139611
0.396747
0.222952
0.0654146
-0.340678
-0.377158
0.399081
-0.695642
-0.435163
-0.276739
-0.316776
0.347302
0.711584
-0.374195
0.707278
0.590398
0.0275347
0.107518
-0.140647
0.226748
0.0990964
-0.0855363
0.56625
0.591234
0.179739
-0.0253913
0.487344
0.463898
-0.249711
0.365726
-0.411585
-0.152057
-0.58122
0.301002
-0.483438
0.98126
-0.0711652
0.0914948
-0.383689
-0.48846
0.0291916
-0.586452
-0.730262
-0.830529
0.0016584
-0.0340435
0.257761
0.070243
-0.77608
-0.571191
-0.140252
-0.587372
0.306759
-0.262311
-0.135608
-0.429419
0.316226
0.896606
0.13745
0.95707
0.807893
-0.471905
0.569433
-0.468018
-0.284925
0.0591881
-0.646234
0.569597
-0.688494
-0.330318
0.349394
0.296998
-0.416777
-0.465511
-0.192857
0.323211
-0.701687
0.214271
-0.45351
-0.291212
-0.352985
-0.15939
-0.239869
0.17146
0.00622179
-0.536253
0.376824
0.665708
0.131178
-0.325652
0.155321
0.323859
-0.18032
0.357564
-0.070373
-0.50052
-0.151325
-0.333748
0.612374
-0.30841
-0.502488
-0.554819
-0.520776
0.285201
-0.0490649
-0.855551
-0.102063
-0.142447
0.0321967
0.111743
0.134057
0.184694
0.515558
-0.392003
0.0498889
0.279695
0.0528048
0.516646
0.883249
0.283469
-0.101462
-0.456256
0.285715
0.539183
0.230508
-0.503143
0.321394
-0.0155014
0.443294
-0.447587
-0.35958
-0.372026
-0.546748
0.0256401
-0.498317
0.104961
0.526719
0.367307
-0.21038
0.694023
-0.143764
0.58541
-0.151268
0.165017
-0.0696259
0.488551
-0.413859
0.573214
-0.586681
-0.118452
0.0953653
0.113423
-0.626995
-0.25923
-0.417358
-0.549294
0.143534
-0.274284
0.179799
-0.619677
0.195586
0.173242
-0.176648
-0.189692
0.0693055
-0.558959
-0.371116
0.30625
0.171052
0.713261
-0.565334
0.184553
-0.0192235
-0.374903
-0.0670768
-0.104301
0.969212
-0.20433
0.497834
-0.024213
-0.461515
0.497278
-0.768396
0.00182737
0.281735
0.00271709
-0.107099
-0.699213
0.0077964
0.498897
0.338919
0.545388
0.785426
-0.0888994
-0.201164
0.569797
0.536736
-0.392162
0.164196
0.225695
-0.631264
-0.214817
0.476477
-0.891324
-0.0637142
-0.383888
-0.687853
0.290624
-0.78368
-0.423004
0.28142
-0.677282
0.730857
0.463426
0.811242
0.507268
0.729978
0.320521
0.362409
0.315475
-0.437667
-0.514388
0.900554
-0.173749
-0.22555
0.640767
-0.427456
-0.703155
-0.341625
-0.496588
-0.157427
-0.0174592
-0.414488
-0.813616
-0.632795
0.119036
-0.0879257
0.0800467
0.195273
0.42276
0.329765
0.405159
0.470807
-0.899681
-0.783515
-0.197624
-0.430354
0.609124
-0.210838
0.571712
-0.157991
0.151409
0.603419
0.41813
0.880369
-0.351234
-0.298642
-0.20726
0.921841
0.470248
0.220915
-0.441424
-0.0939773
-0.647321
-0.240605
-0.478651
-0.147614
-0.237668
-0.556981
0.214059
-0.310596
-0.670049
-0.55009
0.77976
0.852169
0.694683
0.0228652
0.922707
0.333854
-0.426154
-0.34487
-0.273734
0.373565
-0.107173
0.247309
-0.576481
-0.022499
0.106363
0.111532
-0.468142
-0.508454
-0.0202593
-0.637436
-0.134724
-0.102968
0.33733
-0.285595
0.132467
-0.0799443
-0.0397321
0.184749
0.199256
-0.114212
-0.285711
-0.745686
-0.649773
-0.733632
-0.707087
0.109472
0.212045
0.389505
0.590984
0.753609
0.599802
0.728565
-0.0323362
-0.239358
0.747602
0.117089
-0.168921
0.4201
-0.75057
-0.433247
-0.625713
-0.929444
-0.703243
0.388644
0.0988092
0.00184502
0.123416
0.333746
0.390013
0.460073
-0.327729
-0.0737606
-0.358049
-0.229095
0.707492
-0.365434
-0.189103
-0.194442
0.569296
-0.295839
0.269073
0.331537
-0.528891
-0.398523
0.573122
-0.530647
0.466285
-0.676563
0.262114
0.0902727
-0.387046
-0.146666
-0.900008
-0.557574
-0.804132
0.346252
-0.383228
0.378795
-0.35244
-0.774707
-0.559908
-0.75916
0.0382757
-0.383339
0.659115
0.700946
0.247046
0.797099
-0.295808
-0.392598
0.170556
0.073282
-0.0262877
-0.372704
-0.426229
0.258307
0.183402
-0.278859
-0.0673088
0.656551
0.665062
0.242359
-0.12933
-0.276155
0.0928075
0.201041
0.545666
-0.677433
-0.629252
-0.00938845
-0.902244
-0.254522
0.1704
-0.870612
0.0246998
-0.561503
-0.140232
0.322532
0.100957
-0.89712
0.318549
0.398229
-0.789778
0.104575
-0.622839
0.421418
0.201541
-0.134873
0.367258
0.529943
0.627295
-0.346238
-0.475982
-0.207038
0.95141
0.387781
0.0203301
-0.594
0.457542
0.463521
-0.433807
0.515987
0.396967
0.282573
-0.175088
-0.374139
0.265194
0.104392
-0.221642
0.829648
-0.447716
0.0420149
0.875281
0.91002
0.935983
-0.112493
0.280676
0.48593
0.216469
-0.552456
-0.439529
0.00495458
-0.420328
-0.911439
-0.0673692
0.458629
-0.40103
0.207624
0.352841
0.35913
0.489429
0.801445
0.942852
0.997183
0.323092
-0.275696
-0.557494
0.482314
0.284039
0.566067
-0.231829
-0.886549
0.296711
-0.9021
0.0593476
-0.793339
-0.308601
-0.245178
-0.267146
0.668597
-0.33162
0.0740145
0.300387
0.584759
0.520079
0.93292
0.382169
0.576161
-0.0606782
-0.234794
0.248531
0.219109
0.499009
-0.543924
-0.977642
-0.59278
-0.285575
-0.368919
-0.690054
-0.306453
0.702256
0.0123042
0.754842
0.124091
-0.340942
0.988577
0.396
-0.210327
0.859902
-0.279084
0.202006
0.138211
-0.429276
-0.26407
0.393485
-0.733174
0.508814
0.257927
-0.828941
0.0308514
-0.125875
0.0633229
-0.737263
0.255555
-0.186525
-0.0599463
-0.855989
0.425352
0.458721
0.431711
-0.0748775
0.403402
-0.590822
-0.204068
-0.356266
-0.515544
0.769798
-0.64911
-0.0499278
-0.173133
0.601841
0.127942
-0.087174
0.555056
0.391296
0.996084
0.423468
0.571123
0.383341
0.170422
-0.0754613
0.364772
0.386189
-0.228499
0.440958
-0.136855
0.400272
0.352827
0.146659
-0.881436
0.18318
0.0736233
0.457161
0.385843
-0.883193
0.445227
-0.611574
0.394817
-0.00515957
0.331318
-0.823275
-0.126629
0.096049
-0.369285
-0.102925
-0.378573
0.158143
0.317334
-0.431634
-0.316834
-0.391612
0.754842
0.986159
0.916474
-0.36149
0.895976
0.560158
-0.226485
0.355225
-0.613113
-0.905195
-0.91246
-0.45512
-0.757941
0.259402
0.31296
-0.0567703
-0.280382
-0.617265
-0.529306
-0.148046
-0.283841
0.906778
-0.166889
0.574419
-0.134559
0.315285
0.031389
-0.532204
-0.477744
-0.126537
0.384281
-0.801852
0.331328
-0.691614
-0.67587
0.609637
-0.403894
0.199893
-0.0398352
0.720568
0.121899
-0.412074
-0.203558
0.0565195
0.621804
-0.519772
-0.39129
-0.60307
-0.382157
0.339266
0.0255093
-0.729017
-0.21381
-0.0655838
0.442058
0.365222
-0.28821
-0.424444
0.0544698
0.104518
0.476276
-0.0147113
0.28463
0.867131
0.918774
0.742405
0.346807
0.159474
0.25074
-0.87228
0.253856
-0.661676
0.224342
0.00706777
-0.35981
-0.209444
0.569874
0.515769
0.439885
0.583459
0.875608
0.0558344
-0.0613684
0.295578
-0.000197007
0.785117
-0.29639
-0.394363
0.446766
-0.319176
0.436011
-0.0262611
0.154483
-0.437906
0.374854
-0.421996
0.662623
0.58636
0.040553
-0.230769
0.580149
0.979337
0.587276
0.00195073
0.696562
-0.070038
-0.483947
-0.429475
0.414721
-0.0189105
-0.453341
-0.764954
0.206305
-0.449442
-0.476044
0.149373
-0.694821
-0.651142
-0.601225
0.60319
0.312112
-0.310851
-0.205702
0.804544
-0.144366
0.570236
0.883657
0.398448
-0.365652
0.403206
-0.37804
-0.378827
0.288576
0.497037
0.0528999
-0.282021
-0.144151
-0.0831065
0.0241219
-0.346256
0.0926675
-0.869107
-0.899041
-0.527809
0.243524
-0.700752
0.0503291
0.450526
0.439906
-0.302079
-0.55146
0.415084
0.156809
-0.482251
-0.282665
-0.167622
0.400606
0.523777
0.631436
0.531845
-0.452537
0.304513
-0.408916
0.663498
0.497366
-0.411224
0.697886
0.742021
-0.44485
-0.145412
0.421218
0.37836
0.206952
-0.290273
-0.600048
0.555051
-0.29211
-0.72255
-0.825173
0.0567376
-0.84022
0.0756376
0.404384
-0.578853
0.00515164
-0.868258
0.370142
-0.470825
0.118994
-0.672982
0.325577
-0.800078
0.427822
0.20874
-0.509867
-0.0952909
0.728202
0.25693
-0.264783
-0.543462
0.124967
0.335505
0.753051
0.778725
0.253317
0.303114
0.747007
-0.397377
-0.302614
-0.48871
0.43335
-0.302055
0.271958
0.667473
-0.105359
-0.0105964
0.0854312
-0.703735
-0.416091
-0.827166
0.0603015
0.289472
-0.468991
-0.304086
0.339523
0.283774
-0.943445
-0.279514
-0.240647
-0.137183
0.0487964
-0.064819
0.317677
-0.679239
-0.396244
0.32954
-0.189075
-0.0261226
0.576959
0.28798
0.059823
0.749898
0.335682
-0.393909
0.386535
0.031644
-0.247042
0.281025
0.75873
-0.0183289
0.229816
0.676154
0.763947
-0.675687
-0.710697
-0.0821033
-0.664843
0.321902
0.539916
-0.365163
-0.597911
-0.569437
-0.941066
-0.0954248
-0.103253
-0.61922
0.00404635
0.527527
0.294969
0.173383
0.00402445
-0.00699986
0.121742
-0.768371
-0.365846
0.252036
0.594344
0.196089
0.51978
0.65261
-0.178137
0.589305
-0.139459
-0.358064
0.726766
-0.169967
0.414421
-0.414223
0.600105
0.820986
0.728808
0.306533
-0.542499
0.08855
0.162678
0.6966
0.613997
-0.289799
-0.00389503
0.0177338
0.153142
0.015438
-0.820804
0.253184
0.220909
0.304421
-0.972744
-0.371668
-0.677884
-0.423257
0.414755
-0.330292
0.550876
0.51015
0.271491
-0.587783
-0.0737118
-0.325885
-0.572877
0.614751
0.255392
0.222562
0.101972
0.568926
0.628168
-0.159353
0.359946
0.734323
-0.430546
-0.115505
-0.683701
-0.262207
0.0103246
-0.0393981
-0.449171
0.126942
-0.2894
0.0805921
0.474448
0.721438
-0.0495892
0.723249
0.18561
0.533081
0.175595
-0.376575
0.500396
-0.447741
0.278894
-0.879605
-0.547554
-0.01239
-0.284997
-0.301804
0.141563
-0.631024
0.667293
0.485143
0.467947
0.0288904
-0.0634603
0.208605
-0.235092
0.184877
-0.299008
-0.015005
0.0560617
0.821906
-0.532517
0.816179
-0.522016
0.272198
0.666438
-0.0936968
0.0911255
0.621477
0.642243
0.415703
-0.588678
0.470123
0.322753
-0.936311
-0.0469075
-0.594097
-0.851514
-0.0618583
0.153744
-0.165661
-0.55547
0.000337708
-0.263509
0.0325075
-0.338384
0.529331
-0.688223
0.0410395
0.162005
0.487703
0.264424
0.749845
-0.531735
0.553912
-0.274928
-0.233949
0.0832584
0.596873
-0.0586586
0.295438
0.403413
0.529936
-0.659118
0.074682
-0.110944
0.293096
-0.262713
0.246425
-0.375694
0.0974389
-0.572522
0.0191395
-0.417791
0.264496
0.216236
0.0832087
0.782489
-0.51991
0.55112
0.0810999
-0.47898
-0.705094
-0.434159
-0.28235
0.372941
-0.49545
0.409417
-0.577554
-0.317967
0.677003
-0.101958
-0.423453
0.712817
-0.178503
0.503738
-0.471001
0.608198
0.0813144
-0.0964286
0.600151
-0.0214843
0.319842
0.634274
-0.0300812
0.570301
0.214946
0.56938
-0.419679
-0.731544
-0.52277
-0.44223
0.0802223
-0.285102
-0.893919
-0.491011
-0.830913
0.124452
-0.961968
0.298223
-0.514132
0.48097
-0.820254
0.547103
0.409178
-0.459745
-0.43313
-0.419408
-0.117585
0.815365
0.632228
0.607539
0.121114
-0.538694
0.827854
0.921739
-0.210693
0.67033
-0.122959
0.441799
-0.623441
-0.404085
-0.406614
0.379474
0.314748
-0.526894
-0.484921
-0.511843
0.223123
0.564656
0.489171
-0.35855
-0.372135
0.250447
0.538209
0.77488
-0.376551
0.447065
-0.170661
-0.623299
-0.223194
0.536676
0.0767221
0.324813
-0.141487
-0.493887
-0.488263
0.444758
-0.186096
-0.488265
-0.312285
-0.168704
-0.0142336
0.0417859
-0.386295
0.441615
-0.185385
0.82455
-0.400603
-0.312277
0.712951
-0.196864
0.181268
0.571374
0.0121271
-0.370964
0.244245
0.579543
0.111085
-0.574063
-0.0453386
-0.821969
-0.145423
-0.892729
-0.0810645
-0.309955
-0.501898
0.329451
-0.078705
0.431486
0.405388
-0.738816
-0.265227
-0.840418
-0.655691
0.0994937
-0.755781
-0.363923
0.496542
-0.497306
0.367441
0.849207
0.0347292
