-2.06823e-13
-0.309017
-0.587785
-0.809017
-0.951057
-1
-0.951057
-0.809017
-0.587785
-0.309017
4.13646e-13
0.309017
0.587785
0.809017
0.951057
1
0.951057
0.809017
0.587785
0.309017
-6.21357e-13
-0.309017
-0.587785
-0.809017
-0.951057
-1
-0.951057
-0.809017
-0.587785
-0.309017
8.27292e-13
0.309017
0.587785
0.809017
0.951057
1
0.951057
0.809017
0.587785
0.309017
-1.03323e-12
-0.309017
-0.587785
-0.809017
-0.951057
-1
-0.951057
-0.809017
-0.587785
-0.309017
1.23916e-12
0.309017
0.587785
0.809017
0.951057
1
0.951057
0.809017
0.587785
0.309017
-1.44865e-12
-0.309017
-0.587785
-0.809017
-0.951057
-1
-0.951057
-0.809017
-0.587785
-0.309017
1.65458e-12
0.309017
0.587785
0.809017
0.951057
1
0.951057
0.809017
0.587785
0.309017
-1.86052e-12
-0.309017
-0.587785
-0.809017
-0.951057
-1
-0.951057
-0.809017
-0.587785
-0.309017
2.06645e-12
0.309017
0.587785
0.809017
0.951057
1
0.951057
0.809017
0.587785
0.309017
-2.27594e-12
-0.309017
-0.587785
-0.809017
-0.951057
-1
-0.951057
-0.809017
-0.587785
-0.309017
2.48543e-12
0.309017
0.587785
0.809017
0.951057
1
0.951057
0.809017
0.587785
0.309017
2.48543e-12
0.309017
0.587785
0.809017
0.951057
1
0.951057
0.809017
0.587785
0.309017
-2.68781e-12
-0.309017
-0.587785
-0.809017
-0.951057
-1
-0.951057
-0.809017
-0.587785
-0.309017
2.8973e-12
0.309017
0.587785
0.809017
0.951057
1
0.951057
0.809017
0.587785
0.309017
-3.09968e-12
-0.309017
-0.587785
-0.809017
-0.951057
-1
-0.951057
-0.809017
-0.587785
-0.309017
3.30917e-12
0.309017
0.587785
0.809017
0.951057
1
0.951057
0.809017
0.587785
0.309017
-3.51866e-12
-0.309017
-0.587785
-0.809017
-0.951057
-1
-0.951057
-0.809017
-0.587785
-0.309017
3.72104e-12
0.309017
0.587785
0.809017
0.951057
1
0.951057
0.809017
0.587785
0.309017
-3.93053e-12
-0.309017
-0.587785
-0.809017
-0.951057
-1
-0.951057
-0.809017
-0.587785
-0.309017
4.13291e-12
0.309017
0.587785
0.809017
0.951057
1
0.951057
0.809017
0.587785
0.309017
-4.3495e-12
-0.309017
-0.587785
-0.809017
-0.951057
-1
-0.951057
-0.809017
-0.587785
-0.309017
4.55188e-12
0.309017
0.587785
0.809017
0.951057
1
0.951057
0.809017
0.587785
0.309017
-4.75427e-12
-0.309017
-0.587785
-0.809017
-0.951057
-1
-0.951057
-0.809017
-0.587785
-0.309017
4.97086e-12
0.309017
0.587785
0.809017
0.951057
1
0.951057
0.809017
0.587785
0.309017
-5.17324e-12
-0.309017
-0.587785
-0.809017
-0.951057
-1
-0.951057
-0.809017
-0.587785
-0.309017
5.37562e-12
0.309017
0.587785
0.809017
0.951057
1
0.951057
0.809017
0.587785
0.309017
-5.57801e-12
-0.309017
-0.587785
-0.809017
-0.951057
-1
-0.951057
-0.809017
-0.587785
-0.309017
-5.99698e-12
-0.309017
-0.587785
-0.809017
-0.951057
-1
-0.951057
-0.809017
-0.587785
-0.309017
6.19936e-12
0.309017
0.587785
0.809017
0.951057
1
0.951057
0.809017
0.587785
0.309017
-6.40175e-12
-0.309017
-0.587785
-0.809017
-0.951057
-1
-0.951057
-0.809017
-0.587785
-0.309017
6.61834e-12
0.309017
0.587785
0.809017
0.951057
1
0.951057
0.809017
0.587785
0.309017
6.61834e-12
0.309017
0.587785
0.809017
0.951057
1
0.951057
0.809017
0.587785
0.309017
-6.82072e-12
-0.309017
-0.587785
-0.809017
-0.951057
-1
-0.951057
-0.809017
-0.587785
-0.309017
7.03731e-12
0.309017
0.587785
0.809017
0.951057
1
0.951057
0.809017
0.587785
0.309017
-7.2397e-12
-0.309017
-0.587785
-0.809017
-0.951057
-1
-0.951057
-0.809017
-0.587785
-0.309017
7.44208e-12
0.309017
0.587785
0.809017
0.951057
1
0.951057
0.809017
0.587785
0.309017
-7.65867e-12
-0.309017
-0.587785
-0.809017
-0.951057
-1
-0.951057
-0.809017
-0.587785
-0.309017
7.86105e-12
0.309017
0.587785
0.809017
0.951057
1
0.951057
0.809017
0.587785
0.309017
-8.06344e-12
-0.309017
-0.587785
-0.809017
-0.951057
-1
-0.951057
-0.809017
-0.587785
-0.309017
8.26582e-12
0.309017
0.587785
0.809017
0.951057
1
0.951057
0.809017
0.587785
0.309017
-8.48241e-12
-0.309017
-0.587785
-0.809017
-0.951057
-1
-0.951057
-0.809017
-0.587785
-0.309017
8.699e-12
0.309017
0.587785
0.809017
0.951057
1
0.951057
0.809017
0.587785
0.309017
-8.88718e-12
-0.309017
-0.587785
-0.809017
-0.951057
-1
-0.951057
-0.809017
-0.587785
-0.309017
9.10377e-12
0.309017
0.587785
0.809017
0.951057
1
0.951057
0.809017
0.587785
0.309017
-9.32036e-12
-0.309017
-0.587785
-0.809017
-0.951057
-1
-0.951057
-0.809017
-0.587785
-0.309017
9.50853e-12
0.309017
0.587785
0.809017
0.951057
1
0.951057
0.809017
0.587785
0.309017
-9.72513e-12
-0.309017
-0.587785
-0.809017
-0.951057
-1
-0.951057
-0.809017
-0.587785
-0.309017
-1.01583e-11
-0.309017
-0.587785
-0.809017
-0.951057
-1
-0.951057
-0.809017
-0.587785
-0.309017
1.03465e-11
0.309017
0.587785
0.809017
0.951057
1
0.951057
0.809017
0.587785
0.309017
-1.05631e-11
-0.309017
-0.587785
-0.809017
-0.951057
-1
-0.951057
-0.809017
-0.587785
-0.309017
1.07512e-11
0.309017
0.587785
0.809017
0.951057
1
0.951057
0.809017
0.587785
0.309017
-1.09678e-11
-0.309017
-0.587785
-0.809017
-0.951057
-1
-0.951057
-0.809017
-0.587785
-0.309017
1.11844e-11
0.309017
0.587785
0.809017
0.951057
1
0.951057
0.809017
0.587785
0.309017
-1.13726e-11
-0.309017
-0.587785
-0.809017
-0.951057
-1
-0.951057
-0.809017
-0.587785
-0.309017
1.15892e-11
0.309017
0.587785
0.809017
0.951057
1
0.951057
0.809017
0.587785
0.309017
-1.18058e-11
-0.309017
-0.587785
-0.809017
-0.951057
-1
-0.951057
-0.809017
-0.587785
-0.309017
1.1994e-11
0.309017
0.587785
0.809017
0.951057
1
0.951057
0.809017
0.587785
0.309017
-1.22106e-11
-0.309017
-0.587785
-0.809017
-0.951057
-1
-0.951057
-0.809017
-0.587785
-0.309017
1.24271e-11
0.309017
0.587785
0.809017
0.951057
1
0.951057
0.809017
0.587785
0.309017
1.23987e-11
0.309017
0.587785
0.809017
0.951057
1
0.951057
0.809017
0.587785
0.309017
-1.26153e-11
-0.309017
-0.587785
-0.809017
-0.951057
-1
-0.951057
-0.809017
-0.587785
-0.309017
1.28319e-11
0.309017
0.587785
0.809017
0.951057
1
0.951057
0.809017
0.587785
0.309017
-1.30201e-11
-0.309017
-0.587785
-0.809017
-0.951057
-1
-0.951057
-0.809017
-0.587785
-0.309017
1.32367e-11
0.309017
0.587785
0.809017
0.951057
1
0.951057
0.809017
0.587785
0.309017
-1.34533e-11
-0.309017
-0.587785
-0.809017
-0.951057
-1
-0.951057
-0.809017
-0.587785
-0.309017
1.36414e-11
0.309017
0.587785
0.809017
0.951057
1
0.951057
0.809017
0.587785
0.309017
-1.3858e-11
-0.309017
-0.587785
-0.809017
-0.951057
-1
-0.951057
-0.809017
-0.587785
-0.309017
1.40746e-11
0.309017
0.587785
0.809017
0.951057
1
0.951057
0.809017
0.587785
0.309017
-1.42628e-11
-0.309017
-0.587785
-0.809017
-0.951057
-1
-0.951057
-0.809017
-0.587785
-0.309017
1.44794e-11
0.309017
0.587785
0.809017
0.951057
1
0.951057
0.809017
0.587785
0.309017
-1.4696e-11
-0.309017
-0.587785
-0.809017
-0.951057
-1
-0.951057
-0.809017
-0.587785
-0.309017
1.48842e-11
0.309017
0.587785
0.809017
0.951057
1
0.951057
0.809017
0.587785
0.309017
-1.51008e-11
-0.309017
-0.587785
-0.809017
-0.951057
-1
-0.951057
-0.809017
-0.587785
-0.309017
1.53173e-11
0.309017
0.587785
0.809017
0.951057
1
0.951057
0.809017
0.587785
0.309017
-1.55055e-11
-0.309017
-0.587785
-0.809017
-0.951057
-1
-0.951057
-0.809017
-0.587785
-0.309017
-1.59387e-11
-0.309017
-0.587785
-0.809017
-0.951057
-1
-0.951057
-0.809017
-0.587785
-0.309017
1.61553e-11
0.309017
0.587785
0.809017
0.951057
1
0.951057
0.809017
0.587785
0.309017
-1.63435e-11
-0.309017
-0.587785
-0.809017
-0.951057
-1
-0.951057
-0.809017
-0.587785
-0.309017
1.65601e-11
0.309017
0.587785
0.809017
0.951057
1
0.951057
0.809017
0.587785
0.309017
-1.67482e-11
-0.309017
-0.587785
-0.809017
-0.951057
-1
-0.951057
-0.809017
-0.587785
-0.309017
1.69648e-11
0.309017
0.587785
0.809017
0.951057
1
0.951057
0.809017
0.587785
0.309017
-1.71814e-11
-0.309017
-0.587785
-0.809017
-0.951057
-1
-0.951057
-0.809017
-0.587785
-0.309017
1.7398e-11
0.309017
0.587785
0.809017
0.951057
1
0.951057
0.809017
0.587785
0.309017
1.7398e-11
0.309017
0.587785
0.809017
0.951057
1
0.951057
0.809017
0.587785
0.309017
-1.75578e-11
-0.309017
-0.587785
-0.809017
-0.951057
-1
-0.951057
-0.809017
-0.587785
-0.309017
1.77744e-11
0.309017
0.587785
0.809017
0.951057
1
0.951057
0.809017
0.587785
0.309017
-1.79909e-11
-0.309017
-0.587785
-0.809017
-0.951057
-1
-0.951057
-0.809017
-0.587785
-0.309017
-1.84241e-11
-0.309017
-0.587785
-0.809017
-0.951057
-1
-0.951057
-0.809017
-0.587785
-0.309017
1.86407e-11
0.309017
0.587785
0.809017
0.951057
1
0.951057
0.809017
0.587785
0.309017
-1.88573e-11
-0.309017
-0.587785
-0.809017
-0.951057
-1
-0.951057
-0.809017
-0.587785
-0.309017
1.90171e-11
0.309017
0.587785
0.809017
0.951057
1
0.951057
0.809017
0.587785
0.309017
1.90171e-11
0.309017
0.587785
0.809017
0.951057
1
0.951057
0.809017
0.587785
0.309017
-1.92337e-11
-0.309017
-0.587785
-0.809017
-0.951057
-1
-0.951057
-0.809017
-0.587785
-0.309017
1.94503e-11
0.309017
0.587785
0.809017
0.951057
1
0.951057
0.809017
0.587785
0.309017
-1.96668e-11
-0.309017
-0.587785
-0.809017
-0.951057
-1
-0.951057
-0.809017
-0.587785
-0.309017
-2.01e-11
-0.309017
-0.587785
-0.809017
-0.951057
-1
-0.951057
-0.809017
-0.587785
-0.309017
2.02598e-11
0.309017
0.587785
0.809017
0.951057
1
0.951057
0.809017
0.587785
0.309017
-2.04764e-11
-0.309017
-0.587785
-0.809017
-0.951057
-1
-0.951057
-0.809017
-0.587785
-0.309017
2.0693e-11
0.309017
0.587785
0.809017
0.951057
1
0.951057
0.809017
0.587785
0.309017
2.0693e-11
0.309017
0.587785
0.809017
0.951057
1
0.951057
0.809017
0.587785
0.309017
-2.09096e-11
-0.309017
-0.587785
-0.809017
-0.951057
-1
-0.951057
-0.809017
-0.587785
-0.309017
2.10693e-11
0.309017
0.587785
0.809017
0.951057
1
0.951057
0.809017
0.587785
0.309017
-2.12859e-11
-0.309017
-0.587785
-0.809017
-0.951057
-1
-0.951057
-0.809017
-0.587785
-0.309017
-2.17191e-11
-0.309017
-0.587785
-0.809017
-0.951057
-1
-0.951057
-0.809017
-0.587785
-0.309017
2.19357e-11
0.309017
0.587785
0.809017
0.951057
1
0.951057
0.809017
0.587785
0.309017
-2.21523e-11
-0.309017
-0.587785
-0.809017
-0.951057
-1
-0.951057
-0.809017
-0.587785
-0.309017
2.23689e-11
0.309017
0.587785
0.809017
0.951057
1
0.951057
0.809017
0.587785
0.309017
2.2312e-11
0.309017
0.587785
0.809017
0.951057
1
0.951057
0.809017
0.587785
0.309017
-2.25286e-11
-0.309017
-0.587785
-0.809017
-0.951057
-1
-0.951057
-0.809017
-0.587785
-0.309017
2.27452e-11
0.309017
0.587785
0.809017
0.951057
1
0.951057
0.809017
0.587785
0.309017
-2.29618e-11
-0.309017
-0.587785
-0.809017
-0.951057
-1
-0.951057
-0.809017
-0.587785
-0.309017
2.31784e-11
0.309017
0.587785
0.809017
0.951057
1
0.951057
0.809017
0.587785
0.309017
-2.3395e-11
-0.309017
-0.587785
-0.809017
-0.951057
-1
-0.951057
-0.809017
-0.587785
-0.309017
2.35547e-11
0.309017
0.587785
0.809017
0.951057
1
0.951057
0.809017
0.587785
0.309017
-2.37713e-11
-0.309017
-0.587785
-0.809017
-0.951057
-1
-0.951057
-0.809017
-0.587785
-0.309017
2.39879e-11
0.309017
0.587785
0.809017
0.951057
1
0.951057
0.809017
0.587785
0.309017
-2.42045e-11
-0.309017
-0.587785
-0.809017
-0.951057
-1
-0.951057
-0.809017
-0.587785
-0.309017
2.44211e-11
0.309017
0.587785
0.809017
0.951057
1
0.951057
0.809017
0.587785
0.309017
-2.46377e-11
-0.309017
-0.587785
-0.809017
-0.951057
-1
-0.951057
-0.809017
-0.587785
-0.309017
2.47975e-11
0.309017
0.587785
0.809017
0.951057
1
0.951057
0.809017
0.587785
0.309017
-2.5014e-11
-0.309017
-0.587785
-0.809017
-0.951057
-1
-0.951057
-0.809017
-0.587785
-0.309017
2.52306e-11
0.309017
0.587785
0.809017
0.951057
1
0.951057
0.809017
0.587785
0.309017
-2.54472e-11
-0.309017
-0.587785
-0.809017
-0.951057
-1
-0.951057
-0.809017
-0.587785
-0.309017
2.56638e-11
0.309017
0.587785
0.809017
0.951057
1
0.951057
0.809017
0.587785
0.309017
-2.58804e-11
-0.309017
-0.587785
-0.809017
-0.951057
-1
-0.951057
-0.809017
-0.587785
-0.309017
2.60402e-11
0.309017
0.587785
0.809017
0.951057
1
0.951057
0.809017
0.587785
0.309017
-2.62568e-11
-0.309017
-0.587785
-0.809017
-0.951057
-1
-0.951057
-0.809017
-0.587785
-0.309017
2.64734e-11
0.309017
0.587785
0.809017
0.951057
1
0.951057
0.809017
0.587785
0.309017
-2.669e-11
-0.309017
-0.587785
-0.809017
-0.951057
-1
-0.951057
-0.809017
-0.587785
-0.309017
2.69065e-11
0.309017
0.587785
0.809017
0.951057
1
0.951057
0.809017
0.587785
0.309017
-2.70663e-11
-0.309017
-0.587785
-0.809017
-0.951057
-1
-0.951057
-0.809017
-0.587785
-0.309017
2.72829e-11
0.309017
0.587785
0.809017
0.951057
1
0.951057
0.809017
0.587785
0.309017
-2.74995e-11
-0.309017
-0.587785
-0.809017
-0.951057
-1
-0.951057
-0.809017
-0.587785
-0.309017
2.77161e-11
0.309017
0.587785
0.809017
0.951057
1
0.951057
0.809017
0.587785
0.309017
-2.79327e-11
-0.309017
-0.587785
-0.809017
-0.951057
-1
-0.951057
-0.809017
-0.587785
-0.309017
2.81493e-11
0.309017
0.587785
0.809017
0.951057
1
0.951057
0.809017
0.587785
0.309017
-2.8309e-11
-0.309017
-0.587785
-0.809017
-0.951057
-1
-0.951057
-0.809017
-0.587785
-0.309017
2.85256e-11
0.309017
0.587785
0.809017
0.951057
1
0.951057
0.809017
0.587785
0.309017
-2.87422e-11
-0.309017
-0.587785
-0.809017
-0.951057
-1
-0.951057
-0.809017
-0.587785
-0.309017
2.89588e-11
0.309017
0.587785
0.809017
0.951057
1
0.951057
0.809017
0.587785
0.309017
-2.91754e-11
-0.309017
-0.587785
-0.809017
-0.951057
-1
-0.951057
-0.809017
-0.587785
-0.309017
2.9392e-11
0.309017
0.587785
0.809017
0.951057
1
0.951057
0.809017
0.587785
0.309017
-2.95517e-11
-0.309017
-0.587785
-0.809017
-0.951057
-1
-0.951057
-0.809017
-0.587785
-0.309017
-2.99849e-11
-0.309017
-0.587785
-0.809017
-0.951057
-1
-0.951057
-0.809017
-0.587785
-0.309017
3.02015e-11
0.309017
0.587785
0.809017
0.951057
1
0.951057
0.809017
0.587785
0.309017
-3.04181e-11
-0.309017
-0.587785
-0.809017
-0.951057
-1
-0.951057
-0.809017
-0.587785
-0.309017
3.06347e-11
0.309017
0.587785
0.809017
0.951057
1
0.951057
0.809017
0.587785
0.309017
-3.08513e-11
-0.309017
-0.587785
-0.809017
-0.951057
-1
-0.951057
-0.809017
-0.587785
-0.309017
3.1011e-11
0.309017
0.587785
0.809017
0.951057
1
0.951057
0.809017
0.587785
0.309017
-3.12276e-11
-0.309017
-0.587785
-0.809017
-0.951057
-1
-0.951057
-0.809017
-0.587785
-0.309017
3.14442e-11
0.309017
0.587785
0.809017
0.951057
1
0.951057
0.809017
0.587785
0.309017
-3.16608e-11
-0.309017
-0.587785
-0.809017
-0.951057
-1
-0.951057
-0.809017
-0.587785
-0.309017
3.18774e-11
0.309017
0.587785
0.809017
0.951057
1
0.951057
0.809017
0.587785
0.309017
-3.2094e-11
-0.309017
-0.587785
-0.809017
-0.951057
-1
-0.951057
-0.809017
-0.587785
-0.309017
3.22537e-11
0.309017
0.587785
0.809017
0.951057
1
0.951057
0.809017
0.587785
0.309017
-3.24703e-11
-0.309017
-0.587785
-0.809017
-0.951057
-1
-0.951057
-0.809017
-0.587785
-0.309017
3.26869e-11
0.309017
0.587785
0.809017
0.951057
1
0.951057
0.809017
0.587785
0.309017
-3.29035e-11
-0.309017
-0.587785
-0.809017
-0.951057
-1
-0.951057
-0.809017
-0.587785
-0.309017
3.31201e-11
0.309017
0.587785
0.809017
0.951057
1
0.951057
0.809017
0.587785
0.309017
3.30633e-11
0.309017
0.587785
0.809017
0.951057
1
0.951057
0.809017
0.587785
0.309017
-3.32799e-11
-0.309017
-0.587785
-0.809017
-0.951057
-1
-0.951057
-0.809017
-0.587785
-0.309017
3.34965e-11
0.309017
0.587785
0.809017
0.951057
1
0.951057
0.809017
0.587785
0.309017
-3.37131e-11
-0.309017
-0.587785
-0.809017
-0.951057
-1
-0.951057
-0.809017
-0.587785
-0.309017
3.39296e-11
0.309017
0.587785
0.809017
0.951057
1
0.951057
0.809017
0.587785
0.309017
-3.41462e-11
-0.309017
-0.587785
-0.809017
-0.951057
-1
-0.951057
-0.809017
-0.587785
-0.309017
3.43628e-11
0.309017
0.587785
0.809017
0.951057
1
0.951057
0.809017
0.587785
0.309017
-3.45794e-11
-0.309017
-0.587785
-0.809017
-0.951057
-1
-0.951057
-0.809017
-0.587785
-0.309017
-3.50126e-11
-0.309017
-0.587785
-0.809017
-0.951057
-1
-0.951057
-0.809017
-0.587785
-0.309017
3.51155e-11
0.309017
0.587785
0.809017
0.951057
1
0.951057
0.809017
0.587785
0.309017
-3.53321e-11
-0.309017
-0.587785
-0.809017
-0.951057
-1
-0.951057
-0.809017
-0.587785
-0.309017
3.55487e-11
0.309017
0.587785
0.809017
0.951057
1
0.951057
0.809017
0.587785
0.309017
3.55487e-11
0.309017
0.587785
0.809017
0.951057
1
0.951057
0.809017
0.587785
0.309017
-3.57653e-11
-0.309017
-0.587785
-0.809017
-0.951057
-1
-0.951057
-0.809017
-0.587785
-0.309017
3.59819e-11
0.309017
0.587785
0.809017
0.951057
1
0.951057
0.809017
0.587785
0.309017
-3.61985e-11
-0.309017
-0.587785
-0.809017
-0.951057
-1
-0.951057
-0.809017
-0.587785
-0.309017
-3.66317e-11
-0.309017
-0.587785
-0.809017
-0.951057
-1
-0.951057
-0.809017
-0.587785
-0.309017
3.68483e-11
0.309017
0.587785
0.809017
0.951057
1
0.951057
0.809017
0.587785
0.309017
-3.70649e-11
-0.309017
-0.587785
-0.809017
-0.951057
-1
-0.951057
-0.809017
-0.587785
-0.309017
3.72814e-11
0.309017
0.587785
0.809017
0.951057
1
0.951057
0.809017
0.587785
0.309017
3.72814e-11
0.309017
0.587785
0.809017
0.951057
1
0.951057
0.809017
0.587785
0.309017
-3.73844e-11
-0.309017
-0.587785
-0.809017
-0.951057
-1
-0.951057
-0.809017
-0.587785
-0.309017
3.76009e-11
0.309017
0.587785
0.809017
0.951057
1
0.951057
0.809017
0.587785
0.309017
-3.78175e-11
-0.309017
-0.587785
-0.809017
-0.951057
-1
-0.951057
-0.809017
-0.587785
-0.309017
-3.82507e-11
-0.309017
-0.587785
-0.809017
-0.951057
-1
-0.951057
-0.809017
-0.587785
-0.309017
3.84673e-11
0.309017
0.587785
0.809017
0.951057
1
0.951057
0.809017
0.587785
0.309017
-3.86839e-11
-0.309017
-0.587785
-0.809017
-0.951057
-1
-0.951057
-0.809017
-0.587785
-0.309017
3.89005e-11
0.309017
0.587785
0.809017
0.951057
1
0.951057
0.809017
0.587785
0.309017
3.89005e-11
0.309017
0.587785
0.809017
0.951057
1
0.951057
0.809017
0.587785
0.309017
-3.91171e-11
-0.309017
-0.587785
-0.809017
-0.951057
-1
-0.951057
-0.809017
-0.587785
-0.309017
3.93337e-11
0.309017
0.587785
0.809017
0.951057
1
0.951057
0.809017
0.587785
0.309017
-3.95503e-11
-0.309017
-0.587785
-0.809017
-0.951057
-1
-0.951057
-0.809017
-0.587785
-0.309017
-3.99835e-11
-0.309017
-0.587785
-0.809017
-0.951057
-1
-0.951057
-0.809017
-0.587785
-0.309017
4.00864e-11
0.309017
0.587785
0.809017
0.951057
1
0.951057
0.809017
0.587785
0.309017
-4.0303e-11
-0.309017
-0.587785
-0.809017
-0.951057
-1
-0.951057
-0.809017
-0.587785
-0.309017
4.05196e-11
0.309017
0.587785
0.809017
0.951057
1
0.951057
0.809017
0.587785
0.309017
-4.07362e-11
-0.309017
-0.587785
-0.809017
-0.951057
-1
-0.951057
-0.809017
-0.587785
-0.309017
4.09528e-11
0.309017
0.587785
0.809017
0.951057
1
0.951057
0.809017
0.587785
0.309017
-4.11693e-11
-0.309017
-0.587785
-0.809017
-0.951057
-1
-0.951057
-0.809017
-0.587785
-0.309017
4.13859e-11
0.309017
0.587785
0.809017
0.951057
1
0.951057
0.809017
0.587785
0.309017
-4.16025e-11
-0.309017
-0.587785
-0.809017
-0.951057
-1
-0.951057
-0.809017
-0.587785
-0.309017
4.18191e-11
0.309017
0.587785
0.809017
0.951057
1
0.951057
0.809017
0.587785
0.309017
-4.20357e-11
-0.309017
-0.587785
-0.809017
-0.951057
-1
-0.951057
-0.809017
-0.587785
-0.309017
4.22523e-11
0.309017
0.587785
0.809017
0.951057
1
0.951057
0.809017
0.587785
0.309017
-4.23552e-11
-0.309017
-0.587785
-0.809017
-0.951057
-1
-0.951057
-0.809017
-0.587785
-0.309017
4.25718e-11
0.309017
0.587785
0.809017
0.951057
1
0.951057
0.809017
0.587785
0.309017
-4.27884e-11
-0.309017
-0.587785
-0.809017
-0.951057
-1
-0.951057
-0.809017
-0.587785
-0.309017
4.3005e-11
0.309017
0.587785
0.809017
0.951057
1
0.951057
0.809017
0.587785
0.309017
4.3005e-11
0.309017
0.587785
0.809017
0.951057
1
0.951057
0.809017
0.587785
0.309017
-4.32216e-11
-0.309017
-0.587785
-0.809017
-0.951057
-1
-0.951057
-0.809017
-0.587785
-0.309017
4.34382e-11
0.309017
0.587785
0.809017
0.951057
1
0.951057
0.809017
0.587785
0.309017
-4.36548e-11
-0.309017
-0.587785
-0.809017
-0.951057
-1
-0.951057
-0.809017
-0.587785
-0.309017
4.38714e-11
0.309017
0.587785
0.809017
0.951057
1
0.951057
0.809017
0.587785
0.309017
-4.4088e-11
-0.309017
-0.587785
-0.809017
-0.951057
-1
-0.951057
-0.809017
-0.587785
-0.309017
4.43046e-11
0.309017
0.587785
0.809017
0.951057
1
0.951057
0.809017
0.587785
0.309017
-4.45211e-11
-0.309017
-0.587785
-0.809017
-0.951057
-1
-0.951057
-0.809017
-0.587785
-0.309017
4.46241e-11
0.309017
0.587785
0.809017
0.951057
1
0.951057
0.809017
0.587785
0.309017
-4.48406e-11
-0.309017
-0.587785
-0.809017
-0.951057
-1
-0.951057
-0.809017
-0.587785
-0.309017
4.50572e-11
0.309017
0.587785
0.809017
0.951057
1
0.951057
0.809017
0.587785
0.309017
-4.52738e-11
-0.309017
-0.587785
-0.809017
-0.951057
-1
-0.951057
-0.809017
-0.587785
-0.309017
4.54904e-11
0.309017
0.587785
0.809017
0.951057
1
0.951057
0.809017
0.587785
0.309017
-4.5707e-11
-0.309017
-0.587785
-0.809017
-0.951057
-1
-0.951057
-0.809017
-0.587785
-0.309017
4.59236e-11
0.309017
0.587785
0.809017
0.951057
1
0.951057
0.809017
0.587785
0.309017
-4.61402e-11
-0.309017
-0.587785
-0.809017
-0.951057
-1
-0.951057
-0.809017
-0.587785
-0.309017
-4.65734e-11
-0.309017
-0.587785
-0.809017
-0.951057
-1
-0.951057
-0.809017
-0.587785
-0.309017
4.679e-11
0.309017
0.587785
0.809017
0.951057
1
0.951057
0.809017
0.587785
0.309017
-4.70066e-11
-0.309017
-0.587785
-0.809017
-0.951057
-1
-0.951057
-0.809017
-0.587785
-0.309017
4.71095e-11
0.309017
0.587785
0.809017
0.951057
1
0.951057
0.809017
0.587785
0.309017
4.71095e-11
0.309017
0.587785
0.809017
0.951057
1
0.951057
0.809017
0.587785
0.309017
-4.73261e-11
-0.309017
-0.587785
-0.809017
-0.951057
-1
-0.951057
-0.809017
-0.587785
-0.309017
4.75427e-11
0.309017
0.587785
0.809017
0.951057
1
0.951057
0.809017
0.587785
0.309017
-4.77593e-11
-0.309017
-0.587785
-0.809017
-0.951057
-1
-0.951057
-0.809017
-0.587785
-0.309017
4.79759e-11
0.309017
0.587785
0.809017
0.951057
1
0.951057
0.809017
0.587785
0.309017
-4.81924e-11
-0.309017
-0.587785
-0.809017
-0.951057
-1
-0.951057
-0.809017
-0.587785
-0.309017
4.8409e-11
0.309017
0.587785
0.809017
0.951057
1
0.951057
0.809017
0.587785
0.309017
-4.86256e-11
-0.309017
-0.587785
-0.809017
-0.951057
-1
-0.951057
-0.809017
-0.587785
-0.309017
4.88422e-11
0.309017
0.587785
0.809017
0.951057
1
0.951057
0.809017
0.587785
0.309017
-4.90588e-11
-0.309017
-0.587785
-0.809017
-0.951057
-1
-0.951057
-0.809017
-0.587785
-0.309017
4.92754e-11
0.309017
0.587785
0.809017
0.951057
1
0.951057
0.809017
0.587785
0.309017
-4.93783e-11
-0.309017
-0.587785
-0.809017
-0.951057
-1
-0.951057
-0.809017
-0.587785
-0.309017
4.95949e-11
0.309017
0.587785
0.809017
0.951057
1
0.951057
0.809017
0.587785
0.309017
-4.98115e-11
-0.309017
-0.587785
-0.809017
-0.951057
-1
-0.951057
-0.809017
-0.587785
-0.309017
5.00281e-11
0.309017
0.587785
0.809017
0.951057
1
0.951057
0.809017
0.587785
0.309017
-5.02447e-11
-0.309017
-0.587785
-0.809017
-0.951057
-1
-0.951057
-0.809017
-0.587785
-0.309017
-5.06779e-11
-0.309017
-0.587785
-0.809017
-0.951057
-1
-0.951057
-0.809017
-0.587785
-0.309017
5.08945e-11
0.309017
0.587785
0.809017
0.951057
1
0.951057
0.809017
0.587785
0.309017
-5.11111e-11
-0.309017
-0.587785
-0.809017
-0.951057
-1
-0.951057
-0.809017
-0.587785
-0.309017
5.13277e-11
0.309017
0.587785
0.809017
0.951057
1
0.951057
0.809017
0.587785
0.309017
-5.15443e-11
-0.309017
-0.587785
-0.809017
-0.951057
-1
-0.951057
-0.809017
-0.587785
-0.309017
5.17608e-11
0.309017
0.587785
0.809017
0.951057
1
0.951057
0.809017
0.587785
0.309017
-5.19774e-11
-0.309017
-0.587785
-0.809017
-0.951057
-1
-0.951057
-0.809017
-0.587785
-0.309017
5.20803e-11
0.309017
0.587785
0.809017
0.951057
1
0.951057
0.809017
0.587785
0.309017
5.20803e-11
0.309017
0.587785
0.809017
0.951057
1
0.951057
0.809017
0.587785
0.309017
-5.22969e-11
-0.309017
-0.587785
-0.809017
-0.951057
-1
-0.951057
-0.809017
-0.587785
-0.309017
5.25135e-11
0.309017
0.587785
0.809017
0.951057
1
0.951057
0.809017
0.587785
0.309017
-5.27301e-11
-0.309017
-0.587785
-0.809017
-0.951057
-1
-0.951057
-0.809017
-0.587785
-0.309017
-5.31633e-11
-0.309017
-0.587785
-0.809017
-0.951057
-1
-0.951057
-0.809017
-0.587785
-0.309017
5.33799e-11
0.309017
0.587785
0.809017
0.951057
1
0.951057
0.809017
0.587785
0.309017
-5.35965e-11
-0.309017
-0.587785
-0.809017
-0.951057
-1
-0.951057
-0.809017
-0.587785
-0.309017
5.38131e-11
0.309017
0.587785
0.809017
0.951057
1
0.951057
0.809017
0.587785
0.309017
5.38131e-11
0.309017
0.587785
0.809017
0.951057
1
0.951057
0.809017
0.587785
0.309017
-5.40297e-11
-0.309017
-0.587785
-0.809017
-0.951057
-1
-0.951057
-0.809017
-0.587785
-0.309017
5.41326e-11
0.309017
0.587785
0.809017
0.951057
1
0.951057
0.809017
0.587785
0.309017
-5.43492e-11
-0.309017
-0.587785
-0.809017
-0.951057
-1
-0.951057
-0.809017
-0.587785
-0.309017
-5.47824e-11
-0.309017
-0.587785
-0.809017
-0.951057
-1
-0.951057
-0.809017
-0.587785
-0.309017
5.4999e-11
0.309017
0.587785
0.809017
0.951057
1
0.951057
0.809017
0.587785
0.309017
-5.52156e-11
-0.309017
-0.587785
-0.809017
-0.951057
-1
-0.951057
-0.809017
-0.587785
-0.309017
5.54321e-11
0.309017
0.587785
0.809017
0.951057
1
0.951057
0.809017
0.587785
0.309017
5.54321e-11
0.309017
0.587785
0.809017
0.951057
1
0.951057
0.809017
0.587785
0.309017
-5.56487e-11
-0.309017
-0.587785
-0.809017
-0.951057
-1
-0.951057
-0.809017
-0.587785
-0.309017
5.58653e-11
0.309017
0.587785
0.809017
0.951057
1
0.951057
0.809017
0.587785
0.309017
-5.60819e-11
-0.309017
-0.587785
-0.809017
-0.951057
-1
-0.951057
-0.809017
-0.587785
-0.309017
-5.65151e-11
-0.309017
-0.587785
-0.809017
-0.951057
-1
-0.951057
-0.809017
-0.587785
-0.309017
5.67317e-11
0.309017
0.587785
0.809017
0.951057
1
0.951057
0.809017
0.587785
0.309017
-5.68346e-11
-0.309017
-0.587785
-0.809017
-0.951057
-1
-0.951057
-0.809017
-0.587785
-0.309017
5.70512e-11
0.309017
0.587785
0.809017
0.951057
1
0.951057
0.809017
0.587785
0.309017
5.70512e-11
0.309017
0.587785
0.809017
0.951057
1
0.951057
0.809017
0.587785
0.309017
-5.72678e-11
-0.309017
-0.587785
-0.809017
-0.951057
-1
-0.951057
-0.809017
-0.587785
-0.309017
5.74844e-11
0.309017
0.587785
0.809017
0.951057
1
0.951057
0.809017
0.587785
0.309017
-5.7701e-11
-0.309017
-0.587785
-0.809017
-0.951057
-1
-0.951057
-0.809017
-0.587785
-0.309017
5.79176e-11
0.309017
0.587785
0.809017
0.951057
1
0.951057
0.809017
0.587785
0.309017
-5.81342e-11
-0.309017
-0.587785
-0.809017
-0.951057
-1
-0.951057
-0.809017
-0.587785
-0.309017
5.83508e-11
0.309017
0.587785
0.809017
0.951057
1
0.951057
0.809017
0.587785
0.309017
-5.85674e-11
-0.309017
-0.587785
-0.809017
-0.951057
-1
-0.951057
-0.809017
-0.587785
-0.309017
5.87839e-11
0.309017
0.587785
0.809017
0.951057
1
0.951057
0.809017
0.587785
0.309017
-5.90005e-11
-0.309017
-0.587785
-0.809017
-0.951057
-1
-0.951057
-0.809017
-0.587785
-0.309017
5.91034e-11
0.309017
0.587785
0.809017
0.951057
1
0.951057
0.809017
0.587785
0.309017
-5.932e-11
-0.309017
-0.587785
-0.809017
-0.951057
-1
-0.951057
-0.809017
-0.587785
-0.309017
-5.97532e-11
-0.309017
-0.587785
-0.809017
-0.951057
-1
-0.951057
-0.809017
-0.587785
-0.309017
5.99698e-11
0.309017
0.587785
0.809017
0.951057
1
0.951057
0.809017
0.587785
0.309017
-6.01864e-11
-0.309017
-0.587785
-0.809017
-0.951057
-1
-0.951057
-0.809017
-0.587785
-0.309017
6.0403e-11
0.309017
0.587785
0.809017
0.951057
1
0.951057
0.809017
0.587785
0.309017
6.0403e-11
0.309017
0.587785
0.809017
0.951057
1
0.951057
0.809017
0.587785
0.309017
-6.06196e-11
-0.309017
-0.587785
-0.809017
-0.951057
-1
-0.951057
-0.809017
-0.587785
-0.309017
6.08362e-11
0.309017
0.587785
0.809017
0.951057
1
0.951057
0.809017
0.587785
0.309017
-6.10528e-11
-0.309017
-0.587785
-0.809017
-0.951057
-1
-0.951057
-0.809017
-0.587785
-0.309017
-6.1486e-11
-0.309017
-0.587785
-0.809017
-0.951057
-1
-0.951057
-0.809017
-0.587785
-0.309017
6.15889e-11
0.309017
0.587785
0.809017
0.951057
1
0.951057
0.809017
0.587785
0.309017
-6.18055e-11
-0.309017
-0.587785
-0.809017
-0.951057
-1
-0.951057
-0.809017
-0.587785
-0.309017
6.20221e-11
0.309017
0.587785
0.809017
0.951057
1
0.951057
0.809017
0.587785
0.309017
-6.22387e-11
-0.309017
-0.587785
-0.809017
-0.951057
-1
-0.951057
-0.809017
-0.587785
-0.309017
6.24552e-11
0.309017
0.587785
0.809017
0.951057
1
0.951057
0.809017
0.587785
0.309017
-6.26718e-11
-0.309017
-0.587785
-0.809017
-0.951057
-1
-0.951057
-0.809017
-0.587785
-0.309017
6.28884e-11
0.309017
0.587785
0.809017
0.951057
1
0.951057
0.809017
0.587785
0.309017
6.28884e-11
0.309017
0.587785
0.809017
0.951057
1
0.951057
0.809017
0.587785
0.309017
-6.3105e-11
-0.309017
-0.587785
-0.809017
-0.951057
-1
-0.951057
-0.809017
-0.587785
-0.309017
6.33216e-11
0.309017
0.587785
0.809017
0.951057
1
0.951057
0.809017
0.587785
0.309017
-6.35382e-11
-0.309017
-0.587785
-0.809017
-0.951057
-1
-0.951057
-0.809017
-0.587785
-0.309017
6.37548e-11
0.309017
0.587785
0.809017
0.951057
1
0.951057
0.809017
0.587785
0.309017
-6.38577e-11
-0.309017
-0.587785
-0.809017
-0.951057
-1
-0.951057
-0.809017
-0.587785
-0.309017
6.40743e-11
0.309017
0.587785
0.809017
0.951057
1
0.951057
0.809017
0.587785
0.309017
-6.42909e-11
-0.309017
-0.587785
-0.809017
-0.951057
-1
-0.951057
-0.809017
-0.587785
-0.309017
6.45075e-11
0.309017
0.587785
0.809017
0.951057
1
0.951057
0.809017
0.587785
0.309017
-6.47241e-11
-0.309017
-0.587785
-0.809017
-0.951057
-1
-0.951057
-0.809017
-0.587785
-0.309017
6.49407e-11
0.309017
0.587785
0.809017
0.951057
1
0.951057
0.809017
0.587785
0.309017
-6.51573e-11
-0.309017
-0.587785
-0.809017
-0.951057
-1
-0.951057
-0.809017
-0.587785
-0.309017
6.53739e-11
0.309017
0.587785
0.809017
0.951057
1
0.951057
0.809017
0.587785
0.309017
-6.55905e-11
-0.309017
-0.587785
-0.809017
-0.951057
-1
-0.951057
-0.809017
-0.587785
-0.309017
6.58071e-11
0.309017
0.587785
0.809017
0.951057
1
0.951057
0.809017
0.587785
0.309017
-6.60236e-11
-0.309017
-0.587785
-0.809017
-0.951057
-1
-0.951057
-0.809017
-0.587785
-0.309017
-6.63431e-11
-0.309017
-0.587785
-0.809017
-0.951057
-1
-0.951057
-0.809017
-0.587785
-0.309017
6.65597e-11
0.309017
0.587785
0.809017
0.951057
1
0.951057
0.809017
0.587785
0.309017
-6.67763e-11
-0.309017
-0.587785
-0.809017
-0.951057
-1
-0.951057
-0.809017
-0.587785
-0.309017
6.69929e-11
0.309017
0.587785
0.809017
0.951057
1
0.951057
0.809017
0.587785
0.309017
-6.72095e-11
-0.309017
-0.587785
-0.809017
-0.951057
-1
-0.951057
-0.809017
-0.587785
-0.309017
6.74261e-11
0.309017
0.587785
0.809017
0.951057
1
0.951057
0.809017
0.587785
0.309017
-6.7529e-11
-0.309017
-0.587785
-0.809017
-0.951057
-1
-0.951057
-0.809017
-0.587785
-0.309017
6.76319e-11
0.309017
0.587785
0.809017
0.951057
1
0.951057
0.809017
0.587785
0.309017
-6.79622e-11
-0.309017
-0.587785
-0.809017
-0.951057
-1
-0.951057
-0.809017
-0.587785
-0.309017
6.80651e-11
0.309017
0.587785
0.809017
0.951057
1
0.951057
0.809017
0.587785
0.309017
-6.83954e-11
-0.309017
-0.587785
-0.809017
-0.951057
-1
-0.951057
-0.809017
-0.587785
-0.309017
6.84983e-11
0.309017
0.587785
0.809017
0.951057
1
0.951057
0.809017
0.587785
0.309017
-6.88286e-11
-0.309017
-0.587785
-0.809017
-0.951057
-1
-0.951057
-0.809017
-0.587785
-0.309017
6.89315e-11
0.309017
0.587785
0.809017
0.951057
1
0.951057
0.809017
0.587785
0.309017
-6.92618e-11
-0.309017
-0.587785
-0.809017
-0.951057
-1
-0.951057
-0.809017
-0.587785
-0.309017
6.93647e-11
0.309017
0.587785
0.809017
0.951057
1
0.951057
0.809017
0.587785
0.309017
-6.96949e-11
-0.309017
-0.587785
-0.809017
-0.951057
-1
-0.951057
-0.809017
-0.587785
-0.309017
6.97979e-11
0.309017
0.587785
0.809017
0.951057
1
0.951057
0.809017
0.587785
0.309017
-6.99008e-11
-0.309017
-0.587785
-0.809017
-0.951057
-1
-0.951057
-0.809017
-0.587785
-0.309017
7.0231e-11
0.309017
0.587785
0.809017
0.951057
1
0.951057
0.809017
0.587785
0.309017
7.0231e-11
0.309017
0.587785
0.809017
0.951057
1
0.951057
0.809017
0.587785
0.309017
-7.05613e-11
-0.309017
-0.587785
-0.809017
-0.951057
-1
-0.951057
-0.809017
-0.587785
-0.309017
7.06642e-11
0.309017
0.587785
0.809017
0.951057
1
0.951057
0.809017
0.587785
0.309017
-7.09945e-11
-0.309017
-0.587785
-0.809017
-0.951057
-1
-0.951057
-0.809017
-0.587785
-0.309017
-7.12003e-11
-0.309017
-0.587785
-0.809017
-0.951057
-1
-0.951057
-0.809017
-0.587785
-0.309017
7.15306e-11
0.309017
0.587785
0.809017
0.951057
1
0.951057
0.809017
0.587785
0.309017
-7.16335e-11
-0.309017
-0.587785
-0.809017
-0.951057
-1
-0.951057
-0.809017
-0.587785
-0.309017
7.19638e-11
0.309017
0.587785
0.809017
0.951057
1
0.951057
0.809017
0.587785
0.309017
7.19638e-11
0.309017
0.587785
0.809017
0.951057
1
0.951057
0.809017
0.587785
0.309017
-7.22941e-11
-0.309017
-0.587785
-0.809017
-0.951057
-1
-0.951057
-0.809017
-0.587785
-0.309017
7.2397e-11
0.309017
0.587785
0.809017
0.951057
1
0.951057
0.809017
0.587785
0.309017
-7.24999e-11
-0.309017
-0.587785
-0.809017
-0.951057
-1
-0.951057
-0.809017
-0.587785
-0.309017
-7.29331e-11
-0.309017
-0.587785
-0.809017
-0.951057
-1
-0.951057
-0.809017
-0.587785
-0.309017
7.3036e-11
0.309017
0.587785
0.809017
0.951057
1
0.951057
0.809017
0.587785
0.309017
-7.33662e-11
-0.309017
-0.587785
-0.809017
-0.951057
-1
-0.951057
-0.809017
-0.587785
-0.309017
7.34692e-11
0.309017
0.587785
0.809017
0.951057
1
0.951057
0.809017
0.587785
0.309017
7.36965e-11
0.309017
0.587785
0.809017
0.951057
1
0.951057
0.809017
0.587785
0.309017
-7.37994e-11
-0.309017
-0.587785
-0.809017
-0.951057
-1
-0.951057
-0.809017
-0.587785
-0.309017
7.41297e-11
0.309017
0.587785
0.809017
0.951057
1
0.951057
0.809017
0.587785
0.309017
-7.42326e-11
-0.309017
-0.587785
-0.809017
-0.951057
-1
-0.951057
-0.809017
-0.587785
-0.309017
-7.46658e-11
-0.309017
-0.587785
-0.809017
-0.951057
-1
-0.951057
-0.809017
-0.587785
-0.309017
7.47687e-11
0.309017
0.587785
0.809017
0.951057
1
0.951057
0.809017
0.587785
0.309017
-7.48716e-11
-0.309017
-0.587785
-0.809017
-0.951057
-1
-0.951057
-0.809017
-0.587785
-0.309017
7.52019e-11
0.309017
0.587785
0.809017
0.951057
1
0.951057
0.809017
0.587785
0.309017
-7.53048e-11
-0.309017
-0.587785
-0.809017
-0.951057
-1
-0.951057
-0.809017
-0.587785
-0.309017
7.56351e-11
0.309017
0.587785
0.809017
0.951057
1
0.951057
0.809017
0.587785
0.309017
-7.5738e-11
-0.309017
-0.587785
-0.809017
-0.951057
-1
-0.951057
-0.809017
-0.587785
-0.309017
7.60683e-11
0.309017
0.587785
0.809017
0.951057
1
0.951057
0.809017
0.587785
0.309017
7.60683e-11
0.309017
0.587785
0.809017
0.951057
1
0.951057
0.809017
0.587785
0.309017
-7.63986e-11
-0.309017
-0.587785
-0.809017
-0.951057
-1
-0.951057
-0.809017
-0.587785
-0.309017
7.65015e-11
0.309017
0.587785
0.809017
0.951057
1
0.951057
0.809017
0.587785
0.309017
-7.68317e-11
-0.309017
-0.587785
-0.809017
-0.951057
-1
-0.951057
-0.809017
-0.587785
-0.309017
7.69346e-11
0.309017
0.587785
0.809017
0.951057
1
0.951057
0.809017
0.587785
0.309017
-7.70375e-11
-0.309017
-0.587785
-0.809017
-0.951057
-1
-0.951057
-0.809017
-0.587785
-0.309017
7.73678e-11
0.309017
0.587785
0.809017
0.951057
1
0.951057
0.809017
0.587785
0.309017
-7.74707e-11
-0.309017
-0.587785
-0.809017
-0.951057
-1
-0.951057
-0.809017
-0.587785
-0.309017
-7.79039e-11
-0.309017
-0.587785
-0.809017
-0.951057
-1
-0.951057
-0.809017
-0.587785
-0.309017
7.80068e-11
0.309017
0.587785
0.809017
0.951057
1
0.951057
0.809017
0.587785
0.309017
-7.83371e-11
-0.309017
-0.587785
-0.809017
-0.951057
-1
-0.951057
-0.809017
-0.587785
-0.309017
7.844e-11
0.309017
0.587785
0.809017
0.951057
1
0.951057
0.809017
0.587785
0.309017
-7.87703e-11
-0.309017
-0.587785
-0.809017
-0.951057
-1
-0.951057
-0.809017
-0.587785
-0.309017
7.88732e-11
0.309017
0.587785
0.809017
0.951057
1
0.951057
0.809017
0.587785
0.309017
-7.92035e-11
-0.309017
-0.587785
-0.809017
-0.951057
-1
-0.951057
-0.809017
-0.587785
-0.309017
7.93064e-11
0.309017
0.587785
0.809017
0.951057
1
0.951057
0.809017
0.587785
0.309017
7.95338e-11
0.309017
0.587785
0.809017
0.951057
1
0.951057
0.809017
0.587785
0.309017
-7.96367e-11
-0.309017
-0.587785
-0.809017
-0.951057
-1
-0.951057
-0.809017
-0.587785
-0.309017
7.97396e-11
0.309017
0.587785
0.809017
0.951057
1
0.951057
0.809017
0.587785
0.309017
-8.00699e-11
-0.309017
-0.587785
-0.809017
-0.951057
-1
-0.951057
-0.809017
-0.587785
-0.309017
8.01728e-11
0.309017
0.587785
0.809017
0.951057
1
0.951057
0.809017
0.587785
0.309017
-8.0503e-11
-0.309017
-0.587785
-0.809017
-0.951057
-1
-0.951057
-0.809017
-0.587785
-0.309017
8.06059e-11
0.309017
0.587785
0.809017
0.951057
1
0.951057
0.809017
0.587785
0.309017
-8.09362e-11
-0.309017
-0.587785
-0.809017
-0.951057
-1
-0.951057
-0.809017
-0.587785
-0.309017
-8.1142e-11
-0.309017
-0.587785
-0.809017
-0.951057
-1
-0.951057
-0.809017
-0.587785
-0.309017
8.14723e-11
0.309017
0.587785
0.809017
0.951057
1
0.951057
0.809017
0.587785
0.309017
-8.15752e-11
-0.309017
-0.587785
-0.809017
-0.951057
-1
-0.951057
-0.809017
-0.587785
-0.309017
8.19055e-11
0.309017
0.587785
0.809017
0.951057
1
0.951057
0.809017
0.587785
0.309017
-8.20084e-11
-0.309017
-0.587785
-0.809017
-0.951057
-1
-0.951057
-0.809017
-0.587785
-0.309017
8.21113e-11
0.309017
0.587785
0.809017
0.951057
1
0.951057
0.809017
0.587785
0.309017
-8.24416e-11
-0.309017
-0.587785
-0.809017
-0.951057
-1
-0.951057
-0.809017
-0.587785
-0.309017
8.25445e-11
0.309017
0.587785
0.809017
0.951057
1
0.951057
0.809017
0.587785
0.309017
-8.28748e-11
-0.309017
-0.587785
-0.809017
-0.951057
-1
-0.951057
-0.809017
-0.587785
-0.309017
8.29777e-11
0.309017
0.587785
0.809017
0.951057
1
0.951057
0.809017
0.587785
0.309017
-8.3308e-11
-0.309017
-0.587785
-0.809017
-0.951057
-1
-0.951057
-0.809017
-0.587785
-0.309017
8.34109e-11
0.309017
0.587785
0.809017
0.951057
1
0.951057
0.809017
0.587785
0.309017
8.36382e-11
0.309017
0.587785
0.809017
0.951057
1
0.951057
0.809017
0.587785
0.309017
-8.37412e-11
-0.309017
-0.587785
-0.809017
-0.951057
-1
-0.951057
-0.809017
-0.587785
-0.309017
8.40714e-11
0.309017
0.587785
0.809017
0.951057
1
0.951057
0.809017
0.587785
0.309017
-8.41743e-11
-0.309017
-0.587785
-0.809017
-0.951057
-1
-0.951057
-0.809017
-0.587785
-0.309017
8.42772e-11
0.309017
0.587785
0.809017
0.951057
1
0.951057
0.809017
0.587785
0.309017
-8.46075e-11
-0.309017
-0.587785
-0.809017
-0.951057
-1
-0.951057
-0.809017
-0.587785
-0.309017
8.47104e-11
0.309017
0.587785
0.809017
0.951057
1
0.951057
0.809017
0.587785
0.309017
-8.50407e-11
-0.309017
-0.587785
-0.809017
-0.951057
-1
-0.951057
-0.809017
-0.587785
-0.309017
8.51436e-11
0.309017
0.587785
0.809017
0.951057
1
0.951057
0.809017
0.587785
0.309017
-8.54739e-11
-0.309017
-0.587785
-0.809017
-0.951057
-1
-0.951057
-0.809017
-0.587785
-0.309017
8.55768e-11
0.309017
0.587785
0.809017
0.951057
1
0.951057
0.809017
0.587785
0.309017
-8.59071e-11
-0.309017
-0.587785
-0.809017
-0.951057
-1
-0.951057
-0.809017
-0.587785
-0.309017
8.601e-11
0.309017
0.587785
0.809017
0.951057
1
0.951057
0.809017
0.587785
0.309017
-8.63403e-11
-0.309017
-0.587785
-0.809017
-0.951057
-1
-0.951057
-0.809017
-0.587785
-0.309017
8.64432e-11
0.309017
0.587785
0.809017
0.951057
1
0.951057
0.809017
0.587785
0.309017
-8.65461e-11
-0.309017
-0.587785
-0.809017
-0.951057
-1
-0.951057
-0.809017
-0.587785
-0.309017
8.68764e-11
0.309017
0.587785
0.809017
0.951057
1
0.951057
0.809017
0.587785
0.309017
-8.69793e-11
-0.309017
-0.587785
-0.809017
-0.951057
-1
-0.951057
-0.809017
-0.587785
-0.309017
8.73095e-11
0.309017
0.587785
0.809017
0.951057
1
0.951057
0.809017
0.587785
0.309017
-8.74125e-11
-0.309017
-0.587785
-0.809017
-0.951057
-1
-0.951057
-0.809017
-0.587785
-0.309017
-8.78456e-11
-0.309017
-0.587785
-0.809017
-0.951057
-1
-0.951057
-0.809017
-0.587785
-0.309017
8.79485e-11
0.309017
0.587785
0.809017
0.951057
1
0.951057
0.809017
0.587785
0.309017
-8.82788e-11
-0.309017
-0.587785
-0.809017
-0.951057
-1
-0.951057
-0.809017
-0.587785
-0.309017
8.83817e-11
0.309017
0.587785
0.809017
0.951057
1
0.951057
0.809017
0.587785
0.309017
8.86091e-11
0.309017
0.587785
0.809017
0.951057
1
0.951057
0.809017
0.587785
0.309017
-8.8712e-11
-0.309017
-0.587785
-0.809017
-0.951057
-1
-0.951057
-0.809017
-0.587785
-0.309017
8.90423e-11
0.309017
0.587785
0.809017
0.951057
1
0.951057
0.809017
0.587785
0.309017
-8.91452e-11
-0.309017
-0.587785
-0.809017
-0.951057
-1
-0.951057
-0.809017
-0.587785
-0.309017
-8.9351e-11
-0.309017
-0.587785
-0.809017
-0.951057
-1
-0.951057
-0.809017
-0.587785
-0.309017
8.96813e-11
0.309017
0.587785
0.809017
0.951057
1
0.951057
0.809017
0.587785
0.309017
-8.97842e-11
-0.309017
-0.587785
-0.809017
-0.951057
-1
-0.951057
-0.809017
-0.587785
-0.309017
9.01145e-11
0.309017
0.587785
0.809017
0.951057
1
0.951057
0.809017
0.587785
0.309017
9.01145e-11
0.309017
0.587785
0.809017
0.951057
1
0.951057
0.809017
0.587785
0.309017
-9.04448e-11
-0.309017
-0.587785
-0.809017
-0.951057
-1
-0.951057
-0.809017
-0.587785
-0.309017
9.05477e-11
0.309017
0.587785
0.809017
0.951057
1
0.951057
0.809017
0.587785
0.309017
-9.08779e-11
-0.309017
-0.587785
-0.809017
-0.951057
-1
-0.951057
-0.809017
-0.587785
-0.309017
-9.10838e-11
-0.309017
-0.587785
-0.809017
-0.951057
-1
-0.951057
-0.809017
-0.587785
-0.309017
9.1414e-11
0.309017
0.587785
0.809017
0.951057
1
0.951057
0.809017
0.587785
0.309017
-9.15169e-11
-0.309017
-0.587785
-0.809017
-0.951057
-1
-0.951057
-0.809017
-0.587785
-0.309017
9.16198e-11
0.309017
0.587785
0.809017
0.951057
1
0.951057
0.809017
0.587785
0.309017
9.18472e-11
0.309017
0.587785
0.809017
0.951057
1
0.951057
0.809017
0.587785
0.309017
-9.19501e-11
-0.309017
-0.587785
-0.809017
-0.951057
-1
-0.951057
-0.809017
-0.587785
-0.309017
9.22804e-11
0.309017
0.587785
0.809017
0.951057
1
0.951057
0.809017
0.587785
0.309017
-9.23833e-11
-0.309017
-0.587785
-0.809017
-0.951057
-1
-0.951057
-0.809017
-0.587785
-0.309017
