119.246
6.93754
12.557
14.9166
0.649202
9.82303
23.5309
117.443
0.58505
22.1763
0.0863401
0.516925
70.7516
43.4858
70.6055
0.142296
9.4003
5.7442
66.328
18.7527
0.0691107
3.99952
0.2984
5.29888
6.77937
0.359581
5.13691
18.7969
1.12194
1.36811
4.75384
0.844459
13.8796
2.11047
6.00862
27.6782
1.49407
0.901363
17.0925
5.29339
53.5581
21.6521
5.36143
11.1843
5.67496
193.355
1.41058
3.99656
1.47771
12.2652
29.3209
0.952634
130.463
5.2091
0.148813
48.2707
54.2283
2.01132
4.23677
1.37687
8.88088
9.61622
2.59491
24.5503
10.7208
9.80418
0.729447
1.64341
21.4414
0.427562
0.987307
4.12865
20.4612
3.77137
0.796121
11.3675
47.3225
3.07686
0.507372
8.07367
128.677
8.32556
19.2962
18.8436
3.767
5.15397
0.466877
20.0119
0.728938
0.845227
161.993
56.4191
181.372
4.78647
14.404
11.3798
11.6095
0.344817
3.60339
0.191464
8.54066
1.75604
13.0532
8.19663
1.5135
1.31741
2.64459
10.2707
68.0148
4.93457
8.85742
4.03775
8.07499
1.89507
3.44155
6.60016
1.51331
25.8434
22.9647
0.901329
7.94054
2.31401
17.6977
9.88151
77.9479
14.2024
8.9407
97.1614
8.54135
12.316
7.66388
0.989199
7.53961
8.7302
3.27599
1.10748
1.15714
49.0146
0.772906
3.61789
14.6374
86.7373
9.27343
2.18792
29.0299
6.7956
6.70233
9.16017
1.84198
5.84394
44.4587
4.22658
15.8746
88.9408
4.71313
5.66561
0.499098
0.0781682
1.36726
65.5404
1.69976
10.5553
0.200907
33.7829
1.15823
12.1493
2.00719
18.7209
0.165772
1.00688
6.17231
1.03536
22.4651
11.1715
1.391
31.2123
1.35769
2.1976
18.3756
3.64155
16.644
2.85111
0.37882
58.9911
20.4506
4.83886
4.01024
21.4383
0.914304
9.05464
1.25234
196.028
14.7261
0.852173
16.5811
11.5658
0.140464
22.5246
0.670541
93.9435
4.78642
5.50172
0.0997858
50.9318
4.53111
1.01437
5.5121
0.35994
83.2823
5.49908
1.86843
3.44734
1.63124
0.320514
3.49504
0.118352
32.7776
1.39266
46.7962
12.351
2.95169
17.1595
4.19955
1.06379
3.2301
14.5151
9.48785
4.23653
39.2135
76.4631
0.392754
1.35508
11.0358
11.4564
0.468683
0.920553
7.95764
0.601366
10.7104
2.16245
6.57855
0.731802
2.30411
35.7213
3.82776
15.1562
134.782
59.4684
9.28111
11.693
11.375
38.6765
15.2892
0.698805
10.7292
4.44548
1.59079
119.071
1.52052
5.42479
7.61238
9.7124
1.06663
8.98481
6.52551
77.7266
27.3169
1.45268
2.14513
3.30265
0.155535
33.3509
12.6353
16.6159
75.7179
8.4407
2.01571
1.11172
3.73183
4.66078
20.2422
6.7907
3.40698
5.4842
0.856904
3.68586
1.6812
19.263
1.358
8.25338
0.121955
9.37025
0.332061
97.1216
7.05845
3.07978
15.114
3.75487
5.4986
0.785875
1.23148
17.4334
2.57911
11.7417
0.187502
6.8203
1.90908
64.0616
2.45618
3.40273
0.636507
4.9224
1.61109
0.970565
8.05911
1.62893
4.94728
7.90415
0.815757
11.7591
16.5828
25.3257
0.385664
6.57891
0.828341
23.6839
4.18976
5.53464
0.428967
28.2597
1.42674
7.06851
21.0122
2.08913
3.33254
3.82964
1.48632
12.4305
1.67553
3.59861
20.4107
38.354
8.27671
0.615449
0.796077
1.89603
115.939
12.5168
4.37365
123.928
2.33165
0.000417383
6.60339
23.0262
1.30725
1.75946
5.80819
8.94315
3.14749
3.5199
0.996794
0.697388
13.4617
1.40122
1.9502
1.50344
7.12674
9.75038
1.56355
5.87114
0.763231
1.17828
20.961
1.79105
9.38895
3.67334
3.11654
0.300737
1.35434
24.4122
3.00127
0.231464
2.79447
35.8639
1.76291
0.596802
7.49084
1.02657
5.75512
69.5219
3.59125
23.9871
1.05098
7.49386
72.7447
16.7188
2.36747
5.05838
27.6683
0.363444
8.54936
4.93093
146.124
0.238412
10.5226
1.2655
2.00326
0.0320296
1.29575
11.2646
0.38748
8.48225
6.06432
15.0162
0.681932
0.156315
84.6153
0.200146
1.3112
28.8559
52.2775
0.183947
1.51786
5.84319
5.45751
3.28692
2.40562
21.6757
0.260154
22.1204
1.45289
32.1835
1.10498
2.03676
59.8513
26.9278
16.7832
1.1859
6.63084
0.449659
6.19423
10.7825
1.06262
0.90984
10.9992
11.2521
0.0946078
0.915311
7.94604
1.62518
3.66282
5.22746
1.83166
15.6392
10.724
0.44784
10.3988
2.6507
3.88734
137.801
93.1215
0.153063
121.486
4.22145
4.57219
3.97329
4.8812
12.8718
4.23867
118.451
7.58433
1.0397
1.36868
3.97998
12.1248
0.772947
10.1097
3.81489
0.489149
26.7662
0.844445
3.1671
18.2285
3.15793
0.488312
16.8696
25.8875
6.76717
2.57586
5.21561
2.56728
23.9799
4.37109
1.02014
11.8536
5.67751
0.146648
3.75874
1.56657
0.38113
2.08134
1.00595
1.48793
100.578
16.5679
7.39461
1.69907
91.1032
9.89383
40.9927
4.77964
83.0766
2.46899
0.795418
0.0188177
11.2721
16.8186
2.04038
1.80808
33.9515
0.346383
8.70631
0.216792
6.23451
0.0266609
0.932247
10.1089
0.3812
13.4957
1.82421
16.677
0.680333
27.145
106.192
2.28557
11.8747
0.272289
11.3717
3.54386
4.03001
10.2969
7.48404
1.30379
12.308
12.0983
1.95967
1.21331
3.93382
12.3915
76.4717
1.305
5.41968
13.705
3.07958
1.15824
2.07448
5.68875
90.3875
8.12284
0.233918
2.40916
5.2107
17.5985
0.225226
4.95729
0.69079
12.8189
8.39404
2.65251
0.194551
3.13865
1.88447
1.41095
2.68538
0.754044
10.3671
16.8909
50.9608
8.01347
17.9043
27.7087
83.788
4.17651
2.57366
1.3822
38.7513
0.0719441
6.51485
16.7344
24.0291
1.81235
82.6889
12.6779
13.1192
1.33524
1.34454
19.4327
13.894
0.895622
9.50534
1.11548
8.50233
1.28585
10.5689
1.78408
62.1981
9.95234
0.287679
10.2797
1.57197
2.49987
1.26743
34.0292
1.74631
2.75045
18.2689
3.35122
8.69644
0.99086
21.872
2.23047
21.8708
7.8642
5.15731
9.02376
0.330022
0.132821
136.062
2.66913
13.3511
11.2907
7.97717
12.9778
32.92
5.88507
19.4278
14.979
1.95004
0.0976972
0.649099
10.8185
1.11324
2.14407
9.49224
9.98356
12.7875
17.8157
1.8645
1.03515
1.09118
132.257
12.9819
28.9382
4.75988
12.1971
0.618656
7.25887
26.5276
1.25099
13.5896
15.8462
2.20297
1.93021
5.47407
153.326
5.56581
5.33869
27.2968
1.56326
13.4957
1.5211
9.72762
1.31432
50.9157
6.55501
0.969298
3.16793
2.02298
8.58372
170.606
10.8771
11.0265
8.63701
1.91266
2.92794
1.37368
5.39958
8.69015
0.289463
7.52526
12.3905
0.761111
0.713692
0.936524
91.5945
16.4326
0.212533
0.121053
10.4657
11.4169
11.009
2.82188
2.95074
4.57761
0.793878
1.04531
0.613411
10.3608
5.25462
5.29207
5.32573
2.91175
28.1833
16.0192
6.48627
188.062
10.1206
9.98329
0.38319
3.6548
2.45377
1.70017
2.7759
1.77634
0.8177
18.2108
0.568899
13.837
1.51039
34.6129
1.70479
29.9787
0.867619
21.8104
0.43017
44.0818
2.11325
34.1548
10.5706
2.37491
5.59917
0.869157
15.7773
30.9902
1.26101
1.02185
4.82946
0.782841
0.77664
6.57658
7.51149
44.6273
0.786549
4.39889
1.86387
11.2378
5.5195
28.3989
12.7949
1.65416
7.89192
14.0979
0.0973997
5.05827
20.3225
4.8653
2.84941
1.13828
32.4006
0.715375
0.598521
2.88659
1.28586
34.3153
149.54
4.75643
11.0167
19.0745
0.699493
5.33964
12.6564
4.01444
9.85186
6.7073
4.72593
29.1071
62.8958
5.26153
16.0623
2.39326
1.35221
11.7925
2.25668
7.64904
19.9372
0.498706
5.57388
4.89209
21.4348
16.4329
3.07629
0.267939
2.07868
138.928
3.69613
1.344
0.317223
29.4328
11.8938
2.38497
8.47194
2.47224
9.81846
31.1919
2.2212
4.30535
8.00282
0.577145
1.29576
174.716
153.612
9.06203
3.79791
1.99074
0.571828
3.39201
4.37575
4.23926
15.5204
5.4985
1.07078
7.53369
18.7454
1.32456
1.00335
2.84587
9.32965
61.1492
0.965566
15.2602
1.24945
1.09208
12.7644
4.38853
118.954
0.589266
10.0146
0.972485
17.5435
1.31797
1.03275
8.70556
2.8957
1.19455
2.76043
3.66618
2.34381
3.18999
0.327913
58.26
12.4373
1.30637
4.27835
0.680787
7.83468
6.4538
5.8261
24.5024
0.814809
27.6745
0.897955
18.5448
10.0552
39.8034
5.62039
10.7089
0.720448
12.2873
1.43989
13.5464
3.9143
6.72662
0.472193
28.3991
17.1502
13.7495
5.07045
1.65222
9.89669
2.17671
76.1411
19.0035
16.9689
6.51847
29.1272
5.61592
1.14481
15.0511
3.76401
103.335
4.7176
1.46339
22.3611
0.49526
5.69987
1.53274
2.01556
1.78819
65.8738
7.3897
9.42968
1.42779
1.2982
27.1158
2.16398
116.681
4.36939
8.12143
27.6423
8.99628
4.42194
12.3714
53.3109
2.59144
11.551
11.1668
6.51959
1.06886
10.6979
1.40449
14.8625
11.8178
0.828956
1.12914
19.544
8.06723
10.5316
6.17698
14.9213
3.3791
7.65464
2.91865
30.9783
14.9567
4.66622
20.3447
1.02306
0.440275
17.2034
2.24137
34.1973
13.34
17.1359
0.684061
10.3353
143.224
1.13677
14.9044
4.94554
7.03151
100.154
35.7277
0.80885
5.00959
1.41954
0.846441
0.949255
12.7728
1.15032
3.16242
69.2719
1.0106
1.15443
9.41486
0.327973
0.0406081
2.85107
4.90086
2.23193
0.74821
1.39066
22.6003
8.63507
12.3999
5.96738
10.9005
24.4521
13.3151
0.119605
100.546
2.07505
22.5002
10.0659
18.2335
1.22092
4.80294
2.80664
31.2835
2.24009
8.66857
6.89046
18.6976
2.90849
4.77779
7.70025
3.36191
1.04931
1.63178
1.00464
3.31657
14.5328
4.85981
2.88779
18.9038
1.15537
22.3624
6.61181
20.9107
1.44682
1.375
14.0107
4.22385
15.624
8.90184
33.3396
5.44217
11.2281
3.7382
11.7404
2.5455
2.37183
13.1471
12.4753
0.139954
0.828943
3.31186
1.60332
18.583
1.11625
5.18204
1.52277
2.16506
124.278
1.16202
23.5523
103.625
22.6329
1.68143
20.7921
29.6822
0.888062
6.08476
2.09048
2.02618
11.2739
26.3342
2.72626
0.0371022
1.14102
1.13408
0.975771
1.26059
8.29123
5.10031
3.58176
26.3622
0.685828
23.5137
1.48125
0.844449
93.8599
0.201108
0.599793
0.340418
1.13862
0.996504
34.8764
2.36974
19.2576
43.0456
15.1102
7.99685
6.38814
9.01636
11.8748
22.0151
7.51517
0.337209
25.1518
7.69618
1.24425
8.97179
47.3674
135.227
5.20505
0.679762
0.825034
18.761
10.9007
33.38
4.50699
75.2136
8.8037
11.4857
2.94019
0.613378
2.98285
0.446979
0.1722
3.9145
1.21284
0.410723
12.3921
0.523835
1.08684
1.19449
0.578858
1.86423
1.98835
2.48552
10.1895
5.21055
10.7802
0.478688
2.77026
19.6025
1.2398
74.3852
34.3613
18.0022
26.6368
13.667
28.4674
0.0493872
1.78492
0.294468
0.816259
1.81295
27.0243
3.90129
33.4157
19.457
3.26531
33.2085
0.212013
24.4832
23.6319
3.97717
5.38317
3.12217
0.849736
140.567
5.13566
8.85826
3.67847
23.3788
9.02263
2.58119
13.4298
4.5949
12.8534
62.0085
3.52326
2.14931
1.28923
6.33017
47.5791
127.734
8.35938
260.37
13.8696
15.3526
1.70838
0.769181
10.1583
6.78224
3.99577
6.81108
1.02602
3.2688
0.166628
1.29357
2.12998
10.1854
12.5477
0.340886
11.1136
0.923221
73.7305
5.78599
15.5112
1.90595
43.036
10.1663
0.800937
6.14375
2.17622
7.14409
4.56618
22.286
33.1478
4.72509
2.09429
1.23449
0.849857
2.44222
13.1992
91.098
8.65667
0.498592
0.273973
78.0243
3.64281
0.630698
2.83142
8.78548
4.70454
10.6605
6.80534
0.949437
0.717238
6.51517
0.261411
0.781661
11.0033
1.85201
5.32426
10.5636
0.690751
17.4142
2.16986
20.3789
71.6791
24.6862
15.9585
2.73425
8.55168
0.192131
76.5457
2.84145
9.75186
0.35669
24.1064
16.0909
26.8483
12.7699
18.34
8.24172
14.2706
4.16711
70.9464
12.3735
14.6809
9.6281
7.86164
1.27469
3.12933
1.42615
5.23009
1.22483
5.32901
0.644471
13.9684
23.9849
17.3105
34.7669
1.23143
100.571
101.289
9.49247
36.963
6.18807
80.6739
88.6596
4.13718
31.5694
6.51772
18.7107
5.70312
7.21945
26.7039
11.2785
4.0992
21.9057
14.1292
1.6455
11.2037
0.896321
15.8284
6.83936
0.418376
9.06661
4.6107
1.28745
0.168383
11.2674
32.8319
0.927591
0.531044
2.80885
5.70534
0.426955
0.450112
0.156332
19.7399
16.8068
15.6729
10.2009
1.32622
3.44911
2.01604
3.76128
59.1584
0.723428
16.2362
7.50898
104.199
0.859111
10.125
0.828832
2.66083
0.0788931
106.922
1.0052
0.742641
4.69619
3.88001
0.236012
7.87439
1.45654
1.11109
38.1908
23.9702
0.754142
9.40296
33.8359
23.0549
19.9229
0.382176
3.87097
17.6903
1.33379
8.93793
12.7972
0.386036
7.53885
1.35033
8.66675
3.0969
0.0946508
9.97413
4.7005
7.5602
11.2591
24.9958
7.32248
0.943517
2.60307
2.43519
1.92911
0.663365
0.443814
2.75701
2.33735
60.4838
15.4437
1.86245
0.889647
37.5596
19.7042
13.5419
2.09347
2.44268
93.6838
1.20049
0.0288216
1.97384
8.65953
4.17913
7.41493
4.20449
0.472205
1.94053
5.09078
15.2137
21.0165
18.3031
1.8906
0.951993
21.1782
1.17998
11.3175
1.5462
0.278797
2.9228
1.09982
2.67041
0.706045
20.6189
7.43993
5.11707
22.0124
12.0013
2.68936
0.93711
9.90938
4.14464
11.2462
0.519741
0.611929
0.9995
25.8359
1.33997
10.0263
6.35478
1.33881
2.98062
3.34302
21.2326
3.51394
17.6973
90.4377
4.88039
5.38033
77.7354
18.8714
19.5433
2.16815
1.7913
41.4996
8.24333
8.57205
8.2839
8.4725
9.51621
1.20007
0.0626106
0.482663
4.40555
0.595302
20.755
12.1173
95.8399
98.9014
177.618
2.11239
6.07608
15.3963
0.380008
4.86564
1.02809
1.88883
32.7581
8.27323
122.601
0.757563
4.31145
0.529585
52.8825
1.55065
19.3926
0.981723
13.2286
5.66296
5.66809
40.085
3.39792
12.7135
9.44882
13.4151
12.5738
0.882394
1.01415
1.27593
8.75137
5.69875
1.32101
3.31563
1.93789
3.8685
2.76674
3.34829
1.21267
0.125399
13.6794
10.1906
8.0635
4.45919
18.58
4.79331
5.51735
0.424979
0.271524
35.8689
0.903258
0.191516
10.6324
14.2163
10.8395
6.46188
18.9766
1.3326
9.61823
0.342704
101.321
37.6861
68.8129
3.80014
10.7819
0.584475
16.5837
4.24193
6.99897
1.4211
5.82615
152.658
9.42104
3.1431
2.60767
84.0854
32.2642
16.2466
2.81596
131.191
8.18682
26.062
13.0223
3.61909
32.0901
5.97065
6.95804
22.9807
1.08783
1.00893
56.794
0.790916
9.60033
1.91807
1.11699
0.289375
22.2781
0.155521
0.617339
0.711709
3.002
1.86142
1.08546
39.8444
8.62439
0.703138
30.516
7.85036
9.34429
13.1932
3.60959
1.48829
25.3494
10.5863
55.4108
2.95375
21.8673
13.9309
0.882666
0.958664
22.6538
70.6886
13.0969
21.5451
3.22125
5.73444
28.6957
5.95298
21.582
7.48815
1.98893
12.1252
25.448
0.00409249
0.954258
11.2638
5.74465
1.75955
0.77106
0.166709
4.26893
0.425818
9.67803
21.8283
15.2849
30.087
32.2999
7.37732
0.165445
2.98519
22.9469
5.67903
2.41322
1.21724
8.25437
3.213
11.8489
11.457
1.14158
22.3098
27.7333
0.0961884
19.6988
0.679691
23.7733
0.200202
11.49
1.08503
4.32143
0.183758
98.1957
8.34463
9.70465
3.64658
134.03
12.4421
0.286915
0.797955
27.283
2.24059
0.60713
11.6595
7.77401
57.7581
4.43804
99.0987
2.41657
1.8971
4.57296
11.7963
71.1369
0.901805
4.28475
1.25111
0.632827
187.196
5.49787
10.6459
2.02546
30.6148
17.6182
3.20372
202.558
17.4262
4.18451
0.450803
0.820107
0.430578
32.4758
9.04258
0.929692
23.741
22.334
2.21554
1.12457
1.20732
48.0104
15.0337
8.85332
8.21429
0.957277
14.8207
0.65633
0.698686
5.33713
11.945
1.37307
6.10927
68.1122
3.97414
5.00679
5.12064
1.29418
0.811332
17.5399
0.43376
9.64253
0.151435
91.8067
126.837
18.5067
18.5465
16.865
32.6227
24.7836
10.4626
5.7896
0.163009
18.6142
15.2952
0.859777
11.9355
19.9408
2.47612
122.829
1.50139
0.576875
96.4743
14.7553
0.633788
2.22992
4.92747
0.229764
2.42715
1.26968
0.562215
13.3392
9.26137
21.8287
3.84418
0.647052
14.3502
55.5286
32.5851
18.1645
4.32115
5.48185
44.4389
2.5138
6.72413
0.719147
51.7987
1.36551
6.99841
23.8262
5.72094
15.4874
3.27814
3.91922
7.18497
1.20745
5.13895
2.20002
23.9143
8.17267
6.42148
1.55305
0.308951
5.16455
18.0868
10.8009
4.44471
1.15712
13.6176
5.0496
2.83458
0.024602
8.73849
17.4143
4.78765
2.53152
5.95104
1.34908
8.91223
1.06394
0.574374
3.18358
1.03887
2.75879
1.85998
1.33905
1.8832
4.24035
2.07735
2.14649
1.22587
10.8322
1.09569
22.6592
13.8638
27.088
81.6305
37.4385
10.3047
4.25283
56.9498
5.25669
34.3955
65.971
1.25205
28.2168
4.56516
89.7477
0.857375
13.5943
18.257
1.56086
54.434
1.76113
16.5235
12.7993
2.16006
115.176
1.58388
25.0052
1.85497
0.555103
1.69444
11.8859
36.6169
7.90997
0.311182
10.8044
4.47585
110.143
1.94188
5.36273
3.50322
0.614874
5.20975
15.6866
2.30066
2.21108
0.552197
0.436464
0.94455
8.06053
113.258
8.03441
13.3715
1.77184
24.0312
0.993797
30.4428
67.8559
7.97313
2.3896
7.18515
1.42194
14.2743
0.602739
0.239538
15.6221
0.244652
31.9128
20.1088
32.5344
7.72268
0.802336
4.52394
0.175857
13.4852
0.397485
15.5797
115.451
2.92809
20.5439
0.607484
36.7068
8.11491
27.5509
2.40391
0.587096
10.2973
11.0673
1.25988
21.5633
1.08644
7.639
49.5121
0.593083
32.3966
99.0095
1.93653
30.6049
5.11718
8.76212
96.0325
0.857866
46.5612
3.01527
1.23152
278.144
0.577469
69.5406
19.9306
0.557181
11.7403
12.621
25.0809
77.3575
23.6741
33.8914
0.801456
3.27862
17.1724
7.04385
0.181343
6.70173
13.7203
5.14743
4.17472
1.54335
2.26614
0.111284
0.236994
0.152379
55.5124
10.5338
13.1825
40.0704
0.555918
6.83284
30.0359
25.3586
6.86194
23.5611
0.619066
60.5056
73.593
2.78284
13.5658
24.0336
4.0661
4.13005
2.47329
13.3166
9.44269
9.89099
72.1089
17.8199
18.1644
12.1706
5.34632
2.82736
1.707
8.86701
35.3797
1.56099
18.0684
4.59183
20.5666
44.8566
23.7459
16.2451
26.6698
5.87826
8.5253
8.97947
12.6427
21.3822
8.44863
122.197
12.148
44.445
10.9766
31.6389
7.73728
7.28175
24.8555
11.6548
13.2358
8.4416
2.3883
10.8347
2.66463
38.3034
1.18877
1.71275
54.36
0.0838484
0.830238
90.8112
1.14894
9.41144
21.5217
5.78391
73.3135
2.57566
16.296
10.3685
38.6925
22.1326
2.5278
5.33035
16.422
2.70127
24.476
6.88501
28.8109
24.5299
57.0864
1.60886
15.0234
10.7501
0.879005
5.25727
25.8378
1.84924
3.60934
27.9325
54.2842
8.89138
6.47657
16.4215
28.362
4.75514
