20.7644
8.41206
10.9888
11.7367
-1.8762
9.92245
13.7164
20.6983
-2.32807
13.4589
-10.6379
-2.86573
18.4974
16.3835
18.4884
-8.46807
9.73142
7.5923
18.217
12.7306
-11.6045
6.02008
-5.25201
7.24184
8.31189
-4.44203
7.10702
12.7409
0.499713
1.3612
6.77045
-0.734212
11.4238
3.24378
7.78775
14.4214
1.74371
-0.451002
12.3281
7.23734
17.2882
13.355
7.29281
10.4861
7.53962
22.8635
1.49397
6.01687
1.69589
10.8868
14.6718
-0.210741
21.1549
7.16763
-8.2736
16.8368
17.3423
3.03481
6.27035
1.38892
9.48456
9.83004
4.14122
13.9006
10.3023
9.91411
-1.37006
2.15746
13.3125
-3.69001
-0.0554768
6.15808
13.1093
5.765
-0.990209
10.5566
16.7507
4.88108
-2.94674
9.07071
21.095
9.20413
12.8547
12.7516
5.75996
7.12142
-3.30798
13.0129
-1.37309
-0.730266
22.095
17.5143
22.5857
6.80015
11.5848
10.5614
10.6482
-4.62411
5.56712
-7.17914
9.31491
2.44535
11.1572
9.13635
1.79982
1.19721
4.22358
10.116
18.326
6.93249
9.47307
6.06139
9.07142
2.77624
5.36754
8.19555
1.79928
14.1235
13.6106
-0.451167
8.9985
3.64365
12.4792
9.94823
18.918
11.5236
9.51372
19.8749
9.31526
10.9047
8.84449
-0.0471616
8.77349
9.41024
5.15342
0.443375
0.63387
16.9033
-1.11873
5.58456
11.6546
19.3821
9.6724
3.40032
14.6285
8.32228
8.26226
9.61903
2.65285
7.66706
16.4796
6.25989
12.007
19.491
6.73309
7.53246
-3.01814
-11.0697
1.35851
18.1651
2.30388
10.2347
-6.97004
15.287
0.63796
10.8455
3.02588
12.7233
-7.80488
0.0297808
7.90447
0.15093
13.5151
10.4811
1.43326
14.9433
1.328
3.41949
12.6424
5.61286
12.2126
4.55015
-4.21567
17.7079
13.1071
6.84743
6.03171
13.3119
-0.389094
9.56871
0.977234
22.9232
11.6809
-0.69472
12.1961
10.6317
-8.52436
13.5266
-1.73575
19.7287
6.80011
7.40499
-10.0093
17.0699
6.56204
0.0619462
7.41317
-4.4377
19.2055
7.4029
2.71478
5.37484
2.12519
-4.94153
5.43452
-9.26824
15.1558
1.43846
16.7021
10.917
4.70071
12.3451
6.23203
0.268546
5.09215
11.6182
9.77168
6.2701
15.9344
18.8345
-4.05879
1.31966
10.4281
10.5905
-3.29121
-0.359512
9.00784
-2.20861
10.298
3.34947
8.1813
-1.35607
3.62502
15.5293
5.82944
11.8059
21.2963
17.7429
9.676
10.6793
10.5595
15.8745
11.8438
-1.55644
10.3057
6.47918
2.01614
20.7581
1.81991
7.34383
8.81521
9.87326
0.280148
9.53509
8.14614
18.9057
14.3643
1.62171
3.31454
5.18863
-8.08171
15.2311
11.0159
12.2052
18.792
9.26378
3.04427
0.459939
5.71922
6.68459
13.0626
8.31914
5.3237
7.39113
-0.670677
5.66539
2.25619
12.8472
1.32901
9.16632
-9.13801
9.71751
-4.78782
19.8732
8.48709
4.88519
11.7938
5.74595
7.40252
-1.04647
0.904259
12.4138
4.11469
10.6973
-7.26993
8.33803
2.80825
18.066
3.9026
5.31827
-1.96197
6.92177
2.0712
-0.129755
9.06287
2.11902
6.94366
8.97855
-0.884392
10.7037
12.1966
14.0356
-4.13791
8.18154
-0.81791
13.7445
6.22189
7.43089
-3.67576
14.5117
1.54344
8.49328
13.2247
3.19966
5.22776
5.83158
1.72112
10.9449
2.24151
5.56135
13.0986
15.8381
9.17858
-2.10808
-0.99045
2.77844
20.6423
10.9749
6.40844
20.9317
3.67663
-33.7947
8.19767
13.6222
1.16358
2.4538
7.64041
9.5149
4.97965
5.46531
-0.0139439
-1.56526
11.291
1.46508
2.90078
1.77087
8.52891
9.89021
1.94113
7.68722
-1.17344
0.712501
13.2141
2.53108
9.72617
5.65062
4.93673
-5.21813
1.31726
13.8761
4.77305
-6.35517
4.463
15.5466
2.4623
-2.2417
8.7453
0.113869
7.60055
18.4212
5.55246
13.7998
0.215928
8.74706
18.618
12.232
3.74284
7.04011
14.4198
-4.39562
9.31933
6.92929
21.6472
-6.22672
10.2212
1.02261
3.01736
-14.9445
1.1252
10.5172
-4.11751
9.28511
7.82782
11.7656
-1.66259
-8.05999
19.2745
-6.98654
1.1767
14.6023
17.1831
-7.35307
1.81231
7.6665
7.36995
5.16789
3.81228
13.3597
-5.84769
13.4479
1.62232
15.0763
0.433559
3.08939
17.7707
14.302
12.2487
0.740465
8.21569
-3.47117
7.91987
10.3272
0.263782
-0.410348
10.4136
10.5123
-10.2407
-0.384316
9.00151
2.10901
5.63816
7.18291
2.62844
11.9421
10.3036
-3.48877
10.1699
4.23361
5.89653
21.3925
19.6905
-8.1513
20.8453
6.25462
6.60125
5.9915
6.88527
11.0964
6.2723
20.7354
8.79917
0.169096
1.363
5.99881
10.8368
-1.1185
10.0474
5.81482
-3.10558
14.2759
-0.734285
5.00662
12.6075
4.99402
-3.11303
12.271
14.1309
8.30407
4.10922
7.17305
4.09472
13.7985
6.4059
0.0866171
10.7385
7.54158
-8.33725
5.75043
1.94949
-4.18927
3.18343
0.025754
1.72584
20.025
12.1927
8.68915
2.3021
19.5953
9.95365
16.1271
6.79395
19.1948
3.9252
-0.994047
-17.2543
10.5201
12.2579
3.09711
2.57217
15.3086
-4.60443
9.39834
-6.63956
7.94802
-15.7412
-0.30469
10.047
-4.18847
11.302
2.61076
12.2212
-1.67278
14.3369
20.2609
3.58995
10.7462
-5.64971
10.5583
5.49476
6.05306
10.1271
8.74136
1.15208
10.9019
10.8273
2.92183
0.839705
5.94815
10.9312
18.835
1.15611
7.33973
11.3688
4.88491
0.637969
3.16909
7.55017
19.5611
9.09708
-6.30937
3.81866
7.16896
12.4548
-6.47381
6.95244
-1.60654
11.0785
9.23971
4.23657
-7.10965
4.96743
2.7519
1.4951
4.29006
-1.22603
10.1566
12.2765
17.0724
9.03821
12.5296
14.4262
19.2318
6.20813
4.10551
1.40572
15.8829
-11.43
8.13905
12.2361
13.8074
2.58243
19.1745
11.0305
11.1791
1.25561
1.28574
12.8853
11.4283
-0.478753
9.77968
0.474612
9.29538
1.09191
10.2403
2.51415
17.9378
9.97925
-5.41092
10.1198
1.96445
3.97918
1.02923
15.3185
2.42121
4.39404
12.6171
5.25203
9.39341
-0.0398753
13.3989
3.48397
13.3987
8.95654
7.12424
9.55387
-4.81457
-8.76734
21.3374
4.26369
11.2552
10.5272
9.01849
11.132
15.1746
7.69751
12.8842
11.7548
2.90043
-10.1012
-1.87689
10.3417
0.465892
3.31238
9.77369
9.99285
11.0678
12.508
2.70562
0.150051
0.378946
21.2142
11.1334
14.6147
6.77596
10.8626
-2.08551
8.60869
14.237
0.972551
11.3321
11.9993
3.43009
2.85604
7.3831
21.8562
7.45528
7.27435
14.3611
1.94031
11.302
1.82156
9.88007
1.18701
17.0685
8.16574
-0.135425
5.00775
3.05992
9.33676
22.3199
10.3652
10.4244
9.36363
2.81637
4.66562
1.37885
7.3236
9.39027
-5.38407
8.76522
10.9309
-1.18552
-1.46489
-0.284812
19.6187
12.1571
-6.72574
-9.17024
10.1977
10.5755
10.4175
4.50539
4.6993
6.60639
-1.00246
0.19244
-2.12248
10.1539
7.20541
7.23625
7.26379
4.64154
14.4999
12.0464
8.11995
22.743
10.052
9.99274
-4.16586
5.62864
3.89833
2.30493
4.43404
2.49526
-0.874061
12.6033
-2.44965
11.4104
1.79088
15.3924
2.3167
14.7681
-0.61671
13.3866
-3.66359
16.4426
3.24951
15.3345
10.241
3.75647
7.48124
-0.609018
11.9803
14.9122
1.00718
0.0938896
6.83898
-1.06326
-1.0978
8.18
8.75726
16.496
-1.04274
6.43343
2.70416
10.5068
7.419
14.533
11.0704
2.18578
8.97183
11.4915
-10.1144
7.04002
13.0798
6.8711
4.54756
0.562509
15.1055
-1.45466
-2.2292
4.60385
1.09193
15.3549
21.7476
6.77281
10.4205
12.8045
-1.55217
7.27512
11.0231
6.03625
9.93518
8.26548
6.74487
14.64
17.9862
7.21112
12.0581
3.78989
1.31043
10.7161
3.53471
8.83607
12.9966
-3.02155
7.46157
6.89494
13.3112
12.1571
4.88027
-5.71964
3.17788
21.4279
5.67748
1.28399
-4.98635
14.6883
10.7532
3.77482
9.27983
3.9309
9.92043
14.9404
3.46588
6.34009
9.03243
-2.38715
1.12525
22.4233
21.8643
9.57226
5.79545
2.99014
-2.42734
5.30458
6.41052
6.2729
11.909
7.40244
0.29699
8.77008
12.729
1.22072
0.0145031
4.54216
9.69865
17.8639
-0.152182
11.8356
0.967197
0.382553
11.06
6.42319
20.7538
-2.29688
10.0063
-0.121173
12.4412
1.19905
0.139936
9.39797
4.61754
0.772049
4.40976
5.64213
3.69922
5.03789
-4.84242
17.6537
10.9472
1.16067
6.31276
-1.66989
8.94021
8.09815
7.65378
13.8921
-0.889439
14.4208
-0.467456
12.6822
10.0239
15.9992
7.49766
10.2975
-1.42397
10.8946
1.5833
11.3182
5.92654
8.27797
-3.2588
14.533
12.3427
11.3829
7.05046
2.18067
9.9549
3.378
18.8162
12.7883
12.2965
8.14146
14.643
7.49421
0.587338
11.7757
5.75651
20.1425
6.73721
1.65361
13.4949
-3.05167
7.55865
1.85467
3.04395
2.52414
18.1871
8.68627
9.74497
1.54663
1.13341
14.3322
3.35253
20.67
6.40421
9.09633
14.4157
9.54063
6.45613
10.9242
17.2682
4.13541
10.6262
10.4793
8.1422
0.289201
10.293
1.47519
11.7209
10.7254
-0.814687
0.527486
12.9101
9.06725
10.225
7.90776
11.7381
5.28802
8.83925
4.65182
14.9106
11.7484
6.68965
13.0845
0.098997
-3.56276
12.3561
3.50514
15.3399
11.2516
12.3391
-1.64905
10.1432
21.5602
0.55672
11.7331
6.94214
8.47049
20.0067
15.53
-0.921318
6.99803
1.52149
-0.724033
-0.22617
11.0628
0.608202
5.00019
18.4056
0.0457769
0.623678
9.73814
-4.84161
-13.9139
4.55008
6.90272
3.48681
-1.25977
1.43222
13.5411
9.36266
10.9342
7.75784
10.3744
13.8832
11.2434
-9.2225
20.0237
3.17029
13.5219
10.0285
12.6087
0.866868
6.81507
4.48186
14.9531
3.50265
9.37948
8.38248
12.7179
4.63668
6.79227
8.86505
5.26586
0.209019
2.12661
0.0201117
5.20689
11.6235
6.86619
4.60565
12.7655
0.627221
13.4952
8.2032
13.2037
1.60413
1.38301
11.4646
6.25709
11.9379
9.4948
15.2296
7.35772
10.5031
5.72663
10.6968
4.05774
3.75084
11.1883
10.9605
-8.54014
-0.814752
5.20072
2.05021
12.6911
0.477603
7.14501
1.82634
3.3547
20.944
0.652153
13.7203
20.1547
13.5474
2.25678
13.179
14.725
-0.515569
7.84243
3.20245
3.06677
10.5208
14.2052
4.35568
-14.306
0.572947
0.546443
-0.10652
1.00574
9.18619
7.07596
5.54097
14.2098
-1.63785
13.7132
1.7063
-0.734268
19.7248
-6.9657
-2.21999
-4.67988
0.563795
-0.0152099
15.4253
3.74701
12.846
16.3393
11.7927
9.02919
8.05374
9.55031
10.7463
13.4272
8.75939
-4.721
14.0057
8.86275
0.949092
9.52879
16.7548
21.3106
7.16425
-1.67643
-0.835282
12.7326
10.3745
15.2349
6.53886
18.763
9.44665
10.6016
4.68376
-2.12272
4.74631
-3.49713
-7.63966
5.92676
0.838027
-3.86451
10.9315
-2.80805
0.361644
0.771816
-2.37428
2.705
2.98493
3.95416
10.0815
7.16884
10.3263
-3.19947
4.4252
12.9231
0.933526
18.7149
15.3607
12.5533
14.2548
11.3567
14.5435
-13.0639
2.51618
-5.30962
-0.881719
2.58385
14.3175
5.91208
15.2395
12.8908
5.13925
15.2125
-6.73638
13.8887
13.735
5.99574
7.31038
4.94456
-0.707159
21.4788
7.10596
9.47348
5.65667
13.6882
9.55333
4.1182
11.2807
6.62276
11.0902
17.9245
5.46944
3.32299
1.10332
8.01415
16.7742
21.0631
9.22174
24.1559
11.4206
11.8618
2.32585
-1.13972
10.0682
8.31373
6.016
8.33216
0.111565
5.14388
-7.78253
1.1179
3.28376
10.0798
10.9856
-4.67391
10.4586
-0.346941
18.6765
7.62377
11.9065
2.80111
16.3383
10.0716
-0.964016
7.88433
3.37703
8.53947
6.59553
13.4803
15.2045
6.7441
3.21036
0.914881
-0.706539
3.87784
11.2055
19.5951
9.37351
-3.02255
-5.62292
18.9223
5.61437
-2.00178
4.52004
9.43766
6.72517
10.2778
8.3285
-0.225338
-1.44337
8.13926
-5.82676
-1.06982
10.4152
2.67643
7.26259
10.2381
-1.60679
12.409
3.36432
13.0918
18.5539
13.9245
12.0299
4.36838
9.32052
-7.16402
18.8392
4.53539
9.89088
-4.47709
13.8213
12.0658
14.2892
11.0619
12.634
9.16018
11.5444
6.19835
18.5093
10.9249
11.6675
9.8354
8.95513
1.05404
4.95451
1.54164
7.18509
0.880759
7.26646
-1.90797
11.4515
13.7994
12.3831
15.4117
0.904099
20.0247
20.0556
9.77379
15.6777
7.91555
19.0673
19.4773
6.16704
14.9927
8.14096
12.7209
7.56112
8.58504
14.2657
10.5225
6.12699
13.4056
11.5012
2.16299
10.4936
-0.475364
11.9944
8.35016
-3.78433
9.57445
6.63767
1.09731
-7.73701
10.5182
15.163
-0.326435
-2.7487
4.48529
7.56282
-3.69617
-3.46679
-8.05952
12.9534
12.2549
11.9515
10.0864
1.22617
5.37708
3.04499
5.75335
17.7202
-1.40605
12.1048
8.75581
20.1786
-0.659507
10.054
-0.815335
4.25017
-11.0296
20.2907
0.0225034
-1.29221
6.71745
5.88833
-6.27065
8.96217
1.63322
0.457476
15.8196
13.7967
-1.22547
9.73265
15.2938
13.6276
12.9935
-4.17737
5.8782
12.4773
1.25086
9.51237
11.0711
-4.13372
8.77305
1.30441
9.37857
4.90927
-10.2388
9.98875
6.72144
8.78533
10.5151
13.9787
8.64658
-0.252503
4.15486
3.86533
2.85356
-1.78247
-3.52799
4.40438
3.68724
17.8164
11.8875
2.70085
-0.507823
15.7472
12.9456
11.3168
3.20866
3.87866
19.7166
0.793588
-15.4028
2.95313
9.37495
6.21086
8.70107
6.23713
-3.25869
2.87921
7.06784
11.8224
13.2256
12.6252
2.76599
-0.213661
13.2589
0.718757
10.5375
1.89265
-5.54711
4.658
0.413218
4.26577
-1.51167
13.1427
8.71569
7.09021
13.4267
10.7923
4.29649
-0.282096
9.96046
6.17487
10.5101
-2.84213
-2.13299
-0.00217296
14.1222
1.27094
10.0114
8.031
1.2672
4.74306
5.24139
13.27
5.45794
12.4791
19.5635
6.88455
7.30809
18.9062
12.758
12.91
3.3609
2.53168
16.1804
9.16103
9.33085
9.18235
9.28011
9.78464
0.792074
-12.0335
-3.16356
6.44
-2.25262
13.1712
10.8341
19.8155
19.952
22.4949
3.24773
7.83624
11.8742
-4.20207
6.8714
0.12033
2.76193
15.1532
9.17675
20.8849
-1.20581
6.34624
-2.76065
17.2331
1.90513
12.8764
-0.0801094
11.2151
7.53044
7.53437
16.0298
5.31213
11.0426
9.75378
11.2759
10.9947
-0.543376
0.0610235
1.05827
9.42076
7.55779
1.20905
5.20566
2.8733
5.87542
4.41968
5.24823
0.837418
-9.01707
11.3607
10.082
9.06524
6.49256
12.6904
6.80635
7.41731
-3.71632
-5.66192
15.5472
-0.441883
-7.17796
10.2663
11.5279
10.3501
8.10359
12.7822
1.24699
9.83095
-4.6508
20.057
15.7618
18.3767
5.79799
10.327
-2.33234
12.1968
6.27563
8.45034
1.52625
7.65381
21.8372
9.74099
4.97359
4.16253
19.2472
15.0872
12.1076
4.49626
21.179
9.13115
14.1601
11.1469
5.586
15.0637
7.76022
8.42487
13.6136
0.365594
0.0386249
17.543
-1.01869
9.82286
2.82865
0.480486
-5.38539
13.4788
-8.0821
-2.09476
-1.47698
4.77411
2.69845
0.356143
16.0037
9.35728
-1.52959
14.8453
8.94889
9.70546
11.2035
5.57458
1.72689
14.0397
10.2475
17.4359
4.70374
13.3979
11.4398
-0.542035
-0.183335
13.5514
18.4935
11.1717
13.3335
5.08025
7.58491
14.5782
7.74734
13.3409
8.74375
2.9862
10.8369
14.0565
-23.8801
-0.203342
10.5168
7.59264
2.45402
-1.12912
-7.78041
6.30319
-3.70776
9.85787
13.3902
11.8426
14.7838
15.092
8.67899
-7.81346
4.74972
13.6072
7.54274
3.82598
0.853767
9.16684
5.06911
10.7368
10.5907
0.575055
13.4849
14.43
-10.1688
12.9444
-1.67689
13.7609
-6.98532
10.6032
0.354437
6.35628
-7.35754
19.9209
9.21407
9.8698
5.61886
21.272
10.9489
-5.42247
-0.980218
14.3589
3.50363
-2.16718
10.6668
8.90645
17.6161
6.47191
19.9607
3.83199
2.7809
6.60197
10.7174
18.5209
-0.448873
6.31926
0.972949
-1.98715
22.723
7.40194
10.2718
3.06524
14.8593
12.4596
5.05655
23.0655
12.412
6.21645
-3.46013
-0.861296
-3.65948
15.1156
9.56293
-0.316609
13.755
13.4897
3.45479
0.509864
0.818239
16.8134
11.7707
9.47106
9.1457
-0.189624
11.7087
-1.82878
-1.55718
7.27308
10.7719
1.37693
7.85989
18.3322
5.99243
6.99559
7.09324
1.11995
-0.908011
12.4403
-3.6275
9.84191
-8.19775
19.6287
21.0325
12.6733
12.6826
12.2699
15.1352
13.9416
10.1964
7.62649
-7.87787
12.6984
11.8455
-0.656139
10.7684
12.9974
3.93772
20.893
1.76492
-2.38918
19.8441
11.6895
-1.98056
3.4829
6.92624
-6.38717
3.85096
1.03695
-2.50098
11.2513
9.66675
13.3903
5.84804
-1.89061
11.5686
17.4452
15.1302
12.5922
6.35599
7.38927
16.4776
4.0033
8.27636
-1.43182
17.1432
1.35294
8.45
13.7705
7.57468
11.8998
5.15628
5.932
8.56425
0.81869
7.10874
3.42426
13.7866
9.12364
8.07635
1.91185
-5.10111
7.13032
12.5736
10.3346
6.47843
0.633766
11.341
7.03257
4.52489
-16.0903
9.41436
12.4091
6.80122
4.03381
7.74593
1.30039
9.49987
0.269169
-2.40806
5.02916
0.165618
4.40719
2.69508
1.26798
2.74897
6.27402
3.1751
3.3173
0.88444
10.3472
0.396881
13.5525
11.4188
14.3278
19.1185
15.7332
10.1304
6.28678
17.5549
7.20713
15.365
18.1935
0.976234
14.5051
6.59456
19.5302
-0.668291
11.3336
12.6143
1.93363
17.3587
2.45793
12.181
11.0718
3.34465
20.6136
1.99723
13.9803
2.68337
-2.55626
2.29027
10.7503
15.6368
8.98175
-5.06985
10.336
6.50875
20.4196
2.88222
7.29386
5.44467
-2.11214
7.16817
11.9553
3.61852
3.44605
-2.57906
-3.60051
-0.247752
9.06364
20.5407
9.04954
11.2618
2.48425
13.8077
-0.0270231
14.8348
18.3159
9.01629
3.78326
8.56436
1.52881
11.5455
-2.19871
-6.20626
11.9374
-6.11451
15.0396
13.0339
15.1234
8.87768
-0.956436
6.55517
-7.54839
11.2986
-4.00679
11.9256
20.624
4.66584
13.1268
-2.16465
15.6475
9.09284
14.4014
3.80919
-2.31291
10.1272
10.4404
1.0033
13.3372
0.360039
8.83037
16.9471
-2.26884
15.105
19.9568
2.87025
14.8579
7.0903
9.42609
19.8242
-0.665805
16.6802
4.79326
0.904399
24.4427
-2.38471
18.4224
12.9952
-2.54004
10.6968
11.0109
13.9934
18.885
13.7427
15.3009
-0.961205
5.15691
12.3483
8.4781
-7.41499
8.26187
11.3736
7.11591
6.20627
1.88465
3.55286
-9.53568
-6.25263
-8.17074
17.4439
10.2258
11.2
16.0282
-2.54989
8.34601
14.7764
14.0413
8.36447
13.722
-2.08263
17.818
18.6684
4.44488
11.3245
13.8082
6.09178
6.15955
3.93274
11.2439
9.75096
9.9524
18.5799
12.5091
12.5922
10.8531
7.28055
4.51382
2.32234
9.47777
15.4875
1.934
12.5692
6.61986
13.1316
16.5183
13.7559
12.1072
14.2602
7.69249
9.3071
9.53251
11.0184
13.3005
9.26786
20.8706
10.845
16.4782
10.4047
15.0022
8.88588
8.62236
13.9542
10.665
11.2175
9.26425
3.78088
10.3482
4.25638
15.8324
0.750993
2.33695
17.3528
-10.7651
-0.807975
19.5814
0.60297
9.73656
13.3288
7.62221
18.6518
4.10888
12.1208
10.1572
15.8763
13.4503
4.02742
7.26755
12.1543
4.31568
13.8874
8.37905
14.5956
13.897
17.5653
2.06517
11.7677
10.3141
-0.560085
7.2076
14.1226
2.66993
5.57428
14.4611
17.3467
9.48969
8.11345
12.1541
14.5274
6.77163
