1
0.979889
0.92076
0.826106
0.701357
0.553356
0.389733
0.218253
0.0462231
-0.119981
-0.275242
-0.415858
-0.539551
-0.645355
-0.733409
-0.804715
-0.860876
-0.903853
-0.935755
-0.958668
-0.974538
-0.985087
-0.991775
-0.995783
-0.998026
-0.999179
-0.999708
-0.999917
-0.999983
-0.999998
-1
-1
-1
-1
-0.999994
-0.999961
-0.999839
-0.999499
-0.998705
-0.997078
-0.994051
-0.988834
-0.98038
-0.96737
-0.948209
-0.921056
-0.883882
-0.834572
-0.771066
-0.691555
-0.594704
-0.479909
-0.347555
-0.199245
-0.0379591
0.131882
0.304501
0.473008
0.629797
0.767091
0.877574
0.955034
0.994953
0.994953
0.955034
0.877574
0.767091
0.629797
0.473008
0.304501
0.131882
-0.0379591
-0.199245
-0.347555
-0.479909
-0.594704
-0.691555
-0.771066
-0.834572
-0.883882
-0.921056
-0.948209
-0.96737
-0.98038
-0.988834
-0.994051
-0.997078
-0.998705
-0.999499
-0.999839
-0.999961
-0.999994
-1
-1
-1
-1
-0.999998
-0.999983
-0.999917
-0.999708
-0.999179
-0.998026
-0.995783
-0.991775
-0.985087
-0.974538
-0.958668
-0.935755
-0.903853
-0.860876
-0.804715
-0.733409
-0.645355
-0.539551
-0.415858
-0.275242
-0.119981
0.0462231
0.218253
0.389733
0.553356
0.701357
0.826106
0.92076
0.979889
1
0.979889
0.92076
0.826106
0.701357
0.553356
0.389733
0.218253
0.0462231
-0.119981
-0.275242
-0.415858
-0.539551
-0.645355
-0.733409
-0.804715
-0.860876
-0.903853
-0.935755
-0.958668
-0.974538
-0.985087
-0.991775
-0.995783
-0.998026
-0.999179
-0.999708
-0.999917
-0.999983
-0.999998
-1
-1
-1
-1
-0.999994
-0.999961
-0.999839
-0.999499
-0.998705
-0.997078
-0.994051
-0.988834
-0.98038
-0.96737
-0.948209
-0.921056
-0.883882
-0.834572
-0.771066
-0.691555
-0.594704
-0.479909
-0.347555
-0.199245
-0.0379591
0.131882
0.304501
0.473008
0.629797
0.767091
0.877574
0.955034
0.994953
0.994953
0.955034
0.877574
0.767091
0.629797
0.473008
0.304501
0.131882
-0.0379591
-0.199245
-0.347555
-0.479909
-0.594704
-0.691555
-0.771066
-0.834572
-0.883882
-0.921056
-0.948209
-0.96737
-0.98038
-0.988834
-0.994051
-0.997078
-0.998705
-0.999499
-0.999839
-0.999961
-0.999994
-1
-1
-1
-1
-0.999998
-0.999983
-0.999917
-0.999708
-0.999179
-0.998026
-0.995783
-0.991775
-0.985087
-0.974538
-0.958668
-0.935755
-0.903853
-0.860876
-0.804715
-0.733409
-0.645355
-0.539551
-0.415858
-0.275242
-0.119981
0.0462231
0.218253
0.389733
0.553356
0.701357
0.826106
0.92076
0.979889
1
0.979889
0.92076
0.826106
0.701357
0.553356
0.389733
0.218253
0.0462231
-0.119981
-0.275242
-0.415858
-0.539551
-0.645355
-0.733409
-0.804715
-0.860876
-0.903853
-0.935755
-0.958668
-0.974538
-0.985087
-0.991775
-0.995783
-0.998026
-0.999179
-0.999708
-0.999917
-0.999983
-0.999998
-1
-1
-1
-1
-0.999994
-0.999961
-0.999839
-0.999499
-0.998705
-0.997078
-0.994051
-0.988834
-0.98038
-0.96737
-0.948209
-0.921056
-0.883882
-0.834572
-0.771066
-0.691555
-0.594704
-0.479909
-0.347555
-0.199245
-0.0379591
0.131882
0.304501
0.473008
0.629797
0.767091
0.877574
0.955034
0.994953
0.994953
0.955034
0.877574
0.767091
0.629797
0.473008
0.304501
0.131882
-0.0379591
-0.199245
-0.347555
-0.479909
-0.594704
-0.691555
-0.771066
-0.834572
-0.883882
-0.921056
-0.948209
-0.96737
-0.98038
-0.988834
-0.994051
-0.997078
-0.998705
-0.999499
-0.999839
-0.999961
-0.999994
-1
-1
-1
-1
-0.999998
-0.999983
-0.999917
-0.999708
-0.999179
-0.998026
-0.995783
-0.991775
-0.985087
-0.974538
-0.958668
-0.935755
-0.903853
-0.860876
-0.804715
-0.733409
-0.645355
-0.539551
-0.415858
-0.275242
-0.119981
0.0462231
0.218253
0.389733
0.553356
0.701357
0.826106
0.92076
0.979889
1
0.979889
0.92076
0.826106
0.701357
0.553356
0.389733
0.218253
0.0462231
-0.119981
-0.275242
-0.415858
-0.539551
-0.645355
-0.733409
-0.804715
-0.860876
-0.903853
-0.935755
-0.958668
-0.974538
-0.985087
-0.991775
-0.995783
-0.998026
-0.999179
-0.999708
-0.999917
-0.999983
-0.999998
-1
-1
-1
-1
-0.999994
-0.999961
-0.999839
-0.999499
-0.998705
-0.997078
-0.994051
-0.988834
-0.98038
-0.96737
-0.948209
-0.921056
-0.883882
-0.834572
-0.771066
-0.691555
-0.594704
-0.479909
-0.347555
-0.199245
-0.0379591
0.131882
0.304501
0.473008
0.629797
0.767091
0.877574
0.955034
0.994953
0.994953
0.955034
0.877574
0.767091
0.629797
0.473008
0.304501
0.131882
-0.0379591
-0.199245
-0.347555
-0.479909
-0.594704
-0.691555
-0.771066
-0.834572
-0.883882
-0.921056
-0.948209
-0.96737
-0.98038
-0.988834
-0.994051
-0.997078
-0.998705
-0.999499
-0.999839
-0.999961
-0.999994
-1
-1
-1
-1
-0.999998
-0.999983
-0.999917
-0.999708
-0.999179
-0.998026
-0.995783
-0.991775
-0.985087
-0.974538
-0.958668
-0.935755
-0.903853
-0.860876
-0.804715
-0.733409
-0.645355
-0.539551
-0.415858
-0.275242
-0.119981
0.0462231
0.218253
0.389733
0.553356
0.701357
0.826106
0.92076
0.979889
1
0.979889
0.92076
0.826106
0.701357
0.553356
0.389733
0.218253
0.0462231
-0.119981
-0.275242
-0.415858
-0.539551
-0.645355
-0.733409
-0.804715
-0.860876
-0.903853
-0.935755
-0.958668
-0.974538
-0.985087
-0.991775
-0.995783
-0.998026
-0.999179
-0.999708
-0.999917
-0.999983
-0.999998
-1
-1
-1
-1
-0.999994
-0.999961
-0.999839
-0.999499
-0.998705
-0.997078
-0.994051
-0.988834
-0.98038
-0.96737
-0.948209
-0.921056
-0.883882
-0.834572
-0.771066
-0.691555
-0.594704
-0.479909
-0.347555
-0.199245
-0.0379591
0.131882
0.304501
0.473008
0.629797
0.767091
0.877574
0.955034
0.994953
0.994953
0.955034
0.877574
0.767091
0.629797
0.473008
0.304501
0.131882
-0.0379591
-0.199245
-0.347555
-0.479909
-0.594704
-0.691555
-0.771066
-0.834572
-0.883882
-0.921056
-0.948209
-0.96737
-0.98038
-0.988834
-0.994051
-0.997078
-0.998705
-0.999499
-0.999839
-0.999961
-0.999994
-1
-1
-1
-1
-0.999998
-0.999983
-0.999917
-0.999708
-0.999179
-0.998026
-0.995783
-0.991775
-0.985087
-0.974538
-0.958668
-0.935755
-0.903853
-0.860876
-0.804715
-0.733409
-0.645355
-0.539551
-0.415858
-0.275242
-0.119981
0.0462231
0.218253
0.389733
0.553356
0.701357
0.826106
0.92076
0.979889
1
0.979889
0.92076
0.826106
0.701357
0.553356
0.389733
0.218253
0.0462231
-0.119981
-0.275242
-0.415858
-0.539551
-0.645355
-0.733409
-0.804715
-0.860876
-0.903853
-0.935755
-0.958668
-0.974538
-0.985087
-0.991775
-0.995783
-0.998026
-0.999179
-0.999708
-0.999917
-0.999983
-0.999998
-1
-1
-1
-1
-0.999994
-0.999961
-0.999839
-0.999499
-0.998705
-0.997078
-0.994051
-0.988834
-0.98038
-0.96737
-0.948209
-0.921056
-0.883882
-0.834572
-0.771066
-0.691555
-0.594704
-0.479909
-0.347555
-0.199245
-0.0379591
0.131882
0.304501
0.473008
0.629797
0.767091
0.877574
0.955034
0.994953
0.994953
0.955034
0.877574
0.767091
0.629797
0.473008
0.304501
0.131882
-0.0379591
-0.199245
-0.347555
-0.479909
-0.594704
-0.691555
-0.771066
-0.834572
-0.883882
-0.921056
-0.948209
-0.96737
-0.98038
-0.988834
-0.994051
-0.997078
-0.998705
-0.999499
-0.999839
-0.999961
-0.999994
-1
-1
-1
-1
-0.999998
-0.999983
-0.999917
-0.999708
-0.999179
-0.998026
-0.995783
-0.991775
-0.985087
-0.974538
-0.958668
-0.935755
-0.903853
-0.860876
-0.804715
-0.733409
-0.645355
-0.539551
-0.415858
-0.275242
-0.119981
0.0462231
0.218253
0.389733
0.553356
0.701357
0.826106
0.92076
0.979889
1
0.979889
0.92076
0.826106
0.701357
0.553356
0.389733
0.218253
0.0462231
-0.119981
-0.275242
-0.415858
-0.539551
-0.645355
-0.733409
-0.804715
-0.860876
-0.903853
-0.935755
-0.958668
-0.974538
-0.985087
-0.991775
-0.995783
-0.998026
-0.999179
-0.999708
-0.999917
-0.999983
-0.999998
-1
-1
-1
-1
-0.999994
-0.999961
-0.999839
-0.999499
-0.998705
-0.997078
-0.994051
-0.988834
-0.98038
-0.96737
-0.948209
-0.921056
-0.883882
-0.834572
-0.771066
-0.691555
-0.594704
-0.479909
-0.347555
-0.199245
-0.0379591
0.131882
0.304501
0.473008
0.629797
0.767091
0.877574
0.955034
0.994953
0.994953
0.955034
0.877574
0.767091
0.629797
0.473008
0.304501
0.131882
-0.0379591
-0.199245
-0.347555
-0.479909
-0.594704
-0.691555
-0.771066
-0.834572
-0.883882
-0.921056
-0.948209
-0.96737
-0.98038
-0.988834
-0.994051
-0.997078
-0.998705
-0.999499
-0.999839
-0.999961
-0.999994
-1
-1
-1
-1
-0.999998
-0.999983
-0.999917
-0.999708
-0.999179
-0.998026
-0.995783
-0.991775
-0.985087
-0.974538
-0.958668
-0.935755
-0.903853
-0.860876
-0.804715
-0.733409
-0.645355
-0.539551
-0.415858
-0.275242
-0.119981
0.0462231
0.218253
0.389733
0.553356
0.701357
0.826106
0.92076
0.979889
1
0.979889
0.92076
0.826106
0.701357
0.553356
0.389733
0.218253
0.0462231
-0.119981
-0.275242
-0.415858
-0.539551
-0.645355
-0.733409
-0.804715
-0.860876
-0.903853
-0.935755
-0.958668
-0.974538
-0.985087
-0.991775
-0.995783
-0.998026
-0.999179
-0.999708
-0.999917
-0.999983
-0.999998
-1
-1
-1
-1
-0.999994
-0.999961
-0.999839
-0.999499
-0.998705
-0.997078
-0.994051
-0.988834
-0.98038
-0.96737
-0.948209
-0.921056
-0.883882
-0.834572
-0.771066
-0.691555
-0.594704
-0.479909
-0.347555
-0.199245
-0.0379591
0.131882
0.304501
0.473008
0.629797
0.767091
0.877574
0.955034
0.994953
0.994953
0.955034
0.877574
0.767091
0.629797
0.473008
0.304501
0.131882
-0.0379591
-0.199245
-0.347555
-0.479909
-0.594704
-0.691555
-0.771066
-0.834572
-0.883882
-0.921056
-0.948209
-0.96737
-0.98038
-0.988834
-0.994051
-0.997078
-0.998705
-0.999499
-0.999839
-0.999961
-0.999994
-1
-1
-1
-1
-0.999998
-0.999983
-0.999917
-0.999708
-0.999179
-0.998026
-0.995783
-0.991775
-0.985087
-0.974538
-0.958668
-0.935755
-0.903853
-0.860876
-0.804715
-0.733409
-0.645355
-0.539551
-0.415858
-0.275242
-0.119981
0.0462231
0.218253
0.389733
0.553356
0.701357
0.826106
0.92076
0.979889
