1
1.04488
1.0777
1.09668
1.10031
1.08739
1.05711
1.00911
0.943476
0.860768
0.762034
0.648775
0.522915
0.386747
0.242873
0.0941238
-0.0565219
-0.206028
-0.351394
-0.489742
-0.618408
-0.735012
-0.837535
-0.924366
-0.994344
-1.04678
-1.08147
-1.09867
-1.09908
-1.08381
-1.05429
-1.01225
-0.959603
-0.898404
-0.830734
-0.75864
-0.684052
-0.608718
-0.534145
-0.461555
-0.391852
-0.325606
-0.263055
-0.204117
-0.148421
-0.0953502
-0.0440954
0.00628352
0.0567887
0.108413
0.162071
0.218528
0.278346
0.341825
0.40897
0.479462
0.552645
0.627534
0.702833
0.77697
0.848145
0.914391
0.973647
1.02383
1.06291
1.08902
1.1005
1.09598
1.07445
1.03534
0.978475
0.904201
0.81332
0.707109
0.587285
0.455963
0.315601
0.168924
0.0188486
-0.131607
-0.279412
-0.421618
-0.555442
-0.678353
-0.788145
-0.882996
-0.961516
-1.02278
-1.06634
-1.09222
-1.10091
-1.09332
-1.07073
-1.03472
-0.987123
-0.929942
-0.865248
-0.795116
-0.721543
-0.646377
-0.571253
-0.497538
-0.426299
-0.358275
-0.293867
-0.233151
-0.175897
-0.121604
-0.0695523
-0.0188585
0.0314572
0.0824013
0.134936
0.189909
0.247991
0.30962
0.374952
0.443831
0.515771
0.58995
0.665225
0.740155
0.813047
0.882012
0.945024
1
1.04488
1.0777
1.09668
1.10031
1.08739
1.05711
1.00911
0.943476
0.860768
0.762034
0.648775
0.522915
0.386747
0.242873
0.0941238
-0.0565219
-0.206028
-0.351394
-0.489742
-0.618408
-0.735012
-0.837535
-0.924366
-0.994344
-1.04678
-1.08147
-1.09867
-1.09908
-1.08381
-1.05429
-1.01225
-0.959603
-0.898404
-0.830734
-0.75864
-0.684052
-0.608718
-0.534145
-0.461555
-0.391852
-0.325606
-0.263055
-0.204117
-0.148421
-0.0953502
-0.0440954
0.00628352
0.0567887
0.108413
0.162071
0.218528
0.278346
0.341825
0.40897
0.479462
0.552645
0.627534
0.702833
0.77697
0.848145
0.914391
0.973647
1.02383
1.06291
1.08902
1.1005
1.09598
1.07445
1.03534
0.978475
0.904201
0.81332
0.707109
0.587285
0.455963
0.315601
0.168924
0.0188486
-0.131607
-0.279412
-0.421618
-0.555442
-0.678353
-0.788145
-0.882996
-0.961516
-1.02278
-1.06634
-1.09222
-1.10091
-1.09332
-1.07073
-1.03472
-0.987123
-0.929942
-0.865248
-0.795116
-0.721543
-0.646377
-0.571253
-0.497538
-0.426299
-0.358275
-0.293867
-0.233151
-0.175897
-0.121604
-0.0695523
-0.0188585
0.0314572
0.0824013
0.134936
0.189909
0.247991
0.30962
0.374952
0.443831
0.515771
0.58995
0.665225
0.740155
0.813047
0.882012
0.945024
1
1.04488
1.0777
1.09668
1.10031
1.08739
1.05711
1.00911
0.943476
0.860768
0.762034
0.648775
0.522915
0.386747
0.242873
0.0941238
-0.0565219
-0.206028
-0.351394
-0.489742
-0.618408
-0.735012
-0.837535
-0.924366
-0.994344
-1.04678
-1.08147
-1.09867
-1.09908
-1.08381
-1.05429
-1.01225
-0.959603
-0.898404
-0.830734
-0.75864
-0.684052
-0.608718
-0.534145
-0.461555
-0.391852
-0.325606
-0.263055
-0.204117
-0.148421
-0.0953502
-0.0440954
0.00628352
0.0567887
0.108413
0.162071
0.218528
0.278346
0.341825
0.40897
0.479462
0.552645
0.627534
0.702833
0.77697
0.848145
0.914391
0.973647
1.02383
1.06291
1.08902
1.1005
1.09598
1.07445
1.03534
0.978475
0.904201
0.81332
0.707109
0.587285
0.455963
0.315601
0.168924
0.0188486
-0.131607
-0.279412
-0.421618
-0.555442
-0.678353
-0.788145
-0.882996
-0.961516
-1.02278
-1.06634
-1.09222
-1.10091
-1.09332
-1.07073
-1.03472
-0.987123
-0.929942
-0.865248
-0.795116
-0.721543
-0.646377
-0.571253
-0.497538
-0.426299
-0.358275
-0.293867
-0.233151
-0.175897
-0.121604
-0.0695523
-0.0188585
0.0314572
0.0824013
0.134936
0.189909
0.247991
0.30962
0.374952
0.443831
0.515771
0.58995
0.665225
0.740155
0.813047
0.882012
0.945024
1
1.04488
1.0777
1.09668
1.10031
1.08739
1.05711
1.00911
0.943476
0.860768
0.762034
0.648775
0.522915
0.386747
0.242873
0.0941238
-0.0565219
-0.206028
-0.351394
-0.489742
-0.618408
-0.735012
-0.837535
-0.924366
-0.994344
-1.04678
-1.08147
-1.09867
-1.09908
-1.08381
-1.05429
-1.01225
-0.959603
-0.898404
-0.830734
-0.75864
-0.684052
-0.608718
-0.534145
-0.461555
-0.391852
-0.325606
-0.263055
-0.204117
-0.148421
-0.0953502
-0.0440954
0.00628352
0.0567887
0.108413
0.162071
0.218528
0.278346
0.341825
0.40897
0.479462
0.552645
0.627534
0.702833
0.77697
0.848145
0.914391
0.973647
1.02383
1.06291
1.08902
1.1005
1.09598
1.07445
1.03534
0.978475
0.904201
0.81332
0.707109
0.587285
0.455963
0.315601
0.168924
0.0188486
-0.131607
-0.279412
-0.421618
-0.555442
-0.678353
-0.788145
-0.882996
-0.961516
-1.02278
-1.06634
-1.09222
-1.10091
-1.09332
-1.07073
-1.03472
-0.987123
-0.929942
-0.865248
-0.795116
-0.721543
-0.646377
-0.571253
-0.497538
-0.426299
-0.358275
-0.293867
-0.233151
-0.175897
-0.121604
-0.0695523
-0.0188585
0.0314572
0.0824013
0.134936
0.189909
0.247991
0.30962
0.374952
0.443831
0.515771
0.58995
0.665225
0.740155
0.813047
0.882012
0.945024
1
1.04488
1.0777
1.09668
1.10031
1.08739
1.05711
1.00911
0.943476
0.860768
0.762034
0.648775
0.522915
0.386747
0.242873
0.0941238
-0.0565219
-0.206028
-0.351394
-0.489742
-0.618408
-0.735012
-0.837535
-0.924366
-0.994344
-1.04678
-1.08147
-1.09867
-1.09908
-1.08381
-1.05429
-1.01225
-0.959603
-0.898404
-0.830734
-0.75864
-0.684052
-0.608718
-0.534145
-0.461555
-0.391852
-0.325606
-0.263055
-0.204117
-0.148421
-0.0953502
-0.0440954
0.00628352
0.0567887
0.108413
0.162071
0.218528
0.278346
0.341825
0.40897
0.479462
0.552645
0.627534
0.702833
0.77697
0.848145
0.914391
0.973647
1.02383
1.06291
1.08902
1.1005
1.09598
1.07445
1.03534
0.978475
0.904201
0.81332
0.707109
0.587285
0.455963
0.315601
0.168924
0.0188486
-0.131607
-0.279412
-0.421618
-0.555442
-0.678353
-0.788145
-0.882996
-0.961516
-1.02278
-1.06634
-1.09222
-1.10091
-1.09332
-1.07073
-1.03472
-0.987123
-0.929942
-0.865248
-0.795116
-0.721543
-0.646377
-0.571253
-0.497538
-0.426299
-0.358275
-0.293867
-0.233151
-0.175897
-0.121604
-0.0695523
-0.0188585
0.0314572
0.0824013
0.134936
0.189909
0.247991
0.30962
0.374952
0.443831
0.515771
0.58995
0.665225
0.740155
0.813047
0.882012
0.945024
1
1.04488
1.0777
1.09668
1.10031
1.08739
1.05711
1.00911
0.943476
0.860768
0.762034
0.648775
0.522915
0.386747
0.242873
0.0941238
-0.0565219
-0.206028
-0.351394
-0.489742
-0.618408
-0.735012
-0.837535
-0.924366
-0.994344
-1.04678
-1.08147
-1.09867
-1.09908
-1.08381
-1.05429
-1.01225
-0.959603
-0.898404
-0.830734
-0.75864
-0.684052
-0.608718
-0.534145
-0.461555
-0.391852
-0.325606
-0.263055
-0.204117
-0.148421
-0.0953502
-0.0440954
0.00628352
0.0567887
0.108413
0.162071
0.218528
0.278346
0.341825
0.40897
0.479462
0.552645
0.627534
0.702833
0.77697
0.848145
0.914391
0.973647
1.02383
1.06291
1.08902
1.1005
1.09598
1.07445
1.03534
0.978475
0.904201
0.81332
0.707109
0.587285
0.455963
0.315601
0.168924
0.0188486
-0.131607
-0.279412
-0.421618
-0.555442
-0.678353
-0.788145
-0.882996
-0.961516
-1.02278
-1.06634
-1.09222
-1.10091
-1.09332
-1.07073
-1.03472
-0.987123
-0.929942
-0.865248
-0.795116
-0.721543
-0.646377
-0.571253
-0.497538
-0.426299
-0.358275
-0.293867
-0.233151
-0.175897
-0.121604
-0.0695523
-0.0188585
0.0314572
0.0824013
0.134936
0.189909
0.247991
0.30962
0.374952
0.443831
0.515771
0.58995
0.665225
0.740155
0.813047
0.882012
0.945024
1
1.04488
1.0777
1.09668
1.10031
1.08739
1.05711
1.00911
0.943476
0.860768
0.762034
0.648775
0.522915
0.386747
0.242873
0.0941238
-0.0565219
-0.206028
-0.351394
-0.489742
-0.618408
-0.735012
-0.837535
-0.924366
-0.994344
-1.04678
-1.08147
-1.09867
-1.09908
-1.08381
-1.05429
-1.01225
-0.959603
-0.898404
-0.830734
-0.75864
-0.684052
-0.608718
-0.534145
-0.461555
-0.391852
-0.325606
-0.263055
-0.204117
-0.148421
-0.0953502
-0.0440954
0.00628352
0.0567887
0.108413
0.162071
0.218528
0.278346
0.341825
0.40897
0.479462
0.552645
0.627534
0.702833
0.77697
0.848145
0.914391
0.973647
1.02383
1.06291
1.08902
1.1005
1.09598
1.07445
1.03534
0.978475
0.904201
0.81332
0.707109
0.587285
0.455963
0.315601
0.168924
0.0188486
-0.131607
-0.279412
-0.421618
-0.555442
-0.678353
-0.788145
-0.882996
-0.961516
-1.02278
-1.06634
-1.09222
-1.10091
-1.09332
-1.07073
-1.03472
-0.987123
-0.929942
-0.865248
-0.795116
-0.721543
-0.646377
-0.571253
-0.497538
-0.426299
-0.358275
-0.293867
-0.233151
-0.175897
-0.121604
-0.0695523
-0.0188585
0.0314572
0.0824013
0.134936
0.189909
0.247991
0.30962
0.374952
0.443831
0.515771
0.58995
0.665225
0.740155
0.813047
0.882012
0.945024
1
1.04488
1.0777
1.09668
1.10031
1.08739
1.05711
1.00911
0.943476
0.860768
0.762034
0.648775
0.522915
0.386747
0.242873
0.0941238
-0.0565219
-0.206028
-0.351394
-0.489742
-0.618408
-0.735012
-0.837535
-0.924366
-0.994344
-1.04678
-1.08147
-1.09867
-1.09908
-1.08381
-1.05429
-1.01225
-0.959603
-0.898404
-0.830734
-0.75864
-0.684052
-0.608718
-0.534145
-0.461555
-0.391852
-0.325606
-0.263055
-0.204117
-0.148421
-0.0953502
-0.0440954
0.00628352
0.0567887
0.108413
0.162071
0.218528
0.278346
0.341825
0.40897
0.479462
0.552645
0.627534
0.702833
0.77697
0.848145
0.914391
0.973647
1.02383
1.06291
1.08902
1.1005
1.09598
1.07445
1.03534
0.978475
0.904201
0.81332
0.707109
0.587285
0.455963
0.315601
0.168924
0.0188486
-0.131607
-0.279412
-0.421618
-0.555442
-0.678353
-0.788145
-0.882996
-0.961516
-1.02278
-1.06634
-1.09222
-1.10091
-1.09332
-1.07073
-1.03472
-0.987123
-0.929942
-0.865248
-0.795116
-0.721543
-0.646377
-0.571253
-0.497538
-0.426299
-0.358275
-0.293867
-0.233151
-0.175897
-0.121604
-0.0695523
-0.0188585
0.0314572
0.0824013
0.134936
0.189909
0.247991
0.30962
0.374952
0.443831
0.515771
0.58995
0.665225
0.740155
0.813047
0.882012
0.945024
