26.435
-4.99354
-4.66863
0.161637
0.0627825
-0.446585
-2.62147
-1.72839
5.12166
-0.695744
-7.11797
-7.35985
15.4705
-0.90024
-2.78708
2.12138
0.291353
0.0649346
-0.606014
-3.24396
-2.58809
0.854547
-0.249171
-3.60537
-0.063809
7.73253
1.30664
-1.88649
-1.28139
0.293811
1.44305
6.43855
-2.85268
-3.14454
-1.54853
-2.12407
0.725034
2.9037
3.25524
-2.72043
-0.0131345
0.0464802
-0.391335
-0.167111
-3.48896
0.0832368
-13.9822
-1.30396
5.10133
-3.0021
1.31496
4.99345
4.22556
0.0983237
-1.02532
3.37118
-5.01017
-7.35786
2.22448
-2.88922
-1.68432
-3.87751
0.349435
5.79034
-3.67863
6.63648
7.98679
-0.53647
1.05704
-6.6115
-1.18884
-7.03797
-1.67294
-6.07168
-4.12084
4.09494
-4.52181
-0.355988
0.371669
3.57621
-0.31379
-2.39118
-3.24191
12.7406
0.759578
-0.76621
-0.154053
2.96916
19.8293
3.2552
0.416762
-14.731
-1.06305
2.245
10.9877
3.54157
-2.15436
-1.73274
-4.51567
0.20987
5.60853
2.64718
2.67368
-2.58744
-0.273472
-0.578351
-0.952224
11.0404
-5.47217
8.81202
3.52356
8.37709
-0.736116
0.885368
-2.6209
11.2002
-3.58559
2.7383
2.3104
-0.393226
-0.638919
-0.0476298
10.3723
3.37954
-0.179785
4.90656
-1.38895
-10.3361
2.03139
0.186097
-14.0156
3.86632
-3.24919
12.1439
-2.37097
3.66833
19.2376
1.76646
0.194212
-1.93235
7.76608
-1.2567
-5.79442
-12.4163
2.75126
-3.75879
0.0111729
1.82627
-0.193999
-0.447553
3.32861
4.94966
2.56815
-0.417216
-2.62023
-12.6593
0.111947
16.3499
3.69716
0.880676
-2.0961
-2.41941
-0.831267
5.45464
2.42348
4.78217
3.46534
8.76506
4.03346
-3.56325
5.69717
8.49794
-1.38477
1.5736
1.43301
-1.56473
-3.62292
0.271275
0.467427
6.80643
-1.97915
-0.0852926
-0.758959
-7.77517
-4.9138
-18.1226
0.363956
-1.51444
-2.43009
0.403306
-0.445189
0.766324
-1.4566
-0.617143
-2.05912
-5.18818
-1.92528
-9.831
15.5955
2.1978
-6.31674
-3.40311
0.530601
12.0896
0.893566
4.58661
1.51105
-2.78391
-1.09088
-2.97138
0.985605
-0.0894465
-2.20907
-8.2803
9.37491
-7.87162
-1.08418
-0.227826
-1.01339
-3.01143
13.3289
0.217811
-1.78552
-0.251891
-0.481758
1.97453
-5.16659
5.58613
11.8192
-3.94331
0.578816
-0.29949
-1.48157
-0.70788
-1.08401
5.72785
-1.40691
0.307561
-0.133761
2.60298
-0.0242046
-9.5009
1.16411
-3.23868
1.52032
-13.147
-0.150078
-1.21154
-1.63561
2.97653
0.858615
3.77566
-2.28836
-2.20805
0.328921
-0.68093
1.14785
4.06216
-8.73101
8.31424
0.112933
1.22802
-0.0260242
12.678
2.61115
7.3141
-0.335218
-0.459996
4.63121
4.93813
3.87333
-2.11445
3.39161
-4.66623
-0.267275
0.72844
-0.821625
5.48661
1.01737
-3.30811
-0.218977
1.16014
3.85767
7.34021
1.20192
0.12244
-13.9606
0.407687
0.80374
3.63735
4.19441
-4.10043
-0.0100651
3.31214
-2.83632
-0.341023
0.364214
-0.261777
-1.21519
4.77129
-12.2029
14.6111
-1.89978
-0.139056
3.09223
-2.80318
2.61805
4.88533
4.30078
0.34513
-1.1178
1.26451
-1.09607
-5.67619
1.25039
12.4301
-0.781984
1.83105
8.15551
-0.521517
0.407536
6.99605
-1.82524
2.03455
-4.41241
0.463315
-19.8068
-0.2181
-15.726
-1.3209
-4.30653
17.8066
3.60387
8.40942
-2.82985
25.8636
-1.60073
-1.72463
1.65459
6.38899
4.99184
1.26498
-9.90521
-3.37627
0.624043
6.01838
8.3679
-1.30154
-0.372868
-3.66349
0.563748
-2.37962
1.23314
0.898608
-0.53627
7.51256
-0.0269079
-20.326
-1.31762
2.61622
3.57838
-5.03471
2.75761
2.62574
5.66493
13.7536
3.50641
-3.58769
-1.21315
4.10973
-0.344656
-0.248776
2.04965
-0.715374
-2.81796
-4.16858
-1.22913
-3.90056
-25.3062
0.501112
-0.518123
-0.0319203
-2.17974
2.5861
-0.28905
3.5859
-1.10175
1.71099
-5.9395
-0.956821
-4.01511
-7.67427
-1.15614
0.00808252
3.01572
1.3364
6.49811
-2.29342
6.99595
0.335495
-0.535219
2.44432
-5.43942
3.60096
0.949356
-1.4447
-5.09453
-5.2003
7.59729
-4.52926
-7.67034
-3.13822
-11.7443
-4.07593
0.636145
0.185356
-3.50336
9.23046
-10.2495
-1.10492
-8.87675
-1.05527
9.94961
2.46277
-0.13989
0.73354
-2.91192
0.233256
-1.97074
-1.36863
4.6104
4.97691
-0.271349
-3.32333
20.0639
1.53057
0.261477
1.50428
-7.66869
0.192097
-6.23831
-1.8165
-9.51131
-0.508271
0.000173646
0.269056
0.849023
1.84895
-0.633357
0.901409
0.174261
-7.31046
-15.3771
1.75921
-1.83354
-0.0962547
-3.21346
0.430396
-2.23352
1.48804
0.636825
-5.74244
-0.215044
-2.04944
-13.2178
12.2247
1.7067
0.038074
0.00152556
-0.168968
-0.241124
8.67962
0.401102
-7.48411
0.00856055
0.028828
-1.46084
-1.72439
-0.455931
5.1434
-2.2943
0.0651479
0.515844
-3.45101
-3.41873
-3.01288
0.644429
13.6658
5.24189
-3.29245
-14.4178
-6.14709
0.293781
1.20243
-1.7529
-0.566178
-0.347947
-11.5787
11.8595
-1.4197
0.115294
-6.05304
-3.32577
0.603399
0.718933
-15.0329
-3.72847
-3.2304
-1.53285
0.668733
-4.10246
-5.01505
17.1312
-8.58
3.85259
8.64823
0.91199
-2.86904
2.56765
1.90263
-0.408518
-2.21354
0.140034
-4.77322
1.61753
-1.07567
-6.42991
3.29269
22.1655
0.0576486
-4.0102
-1.18931
0.563108
2.99935
14.23
3.7265
0.267773
-0.198657
0.00422298
-3.40082
-0.190165
3.47948
0.10369
-2.47652
3.37914
1.4049
-2.25809
-5.94741
-11.6016
-0.268047
8.94455
5.75105
-8.57112
-7.29072
-5.87663
-1.16392
9.31709
5.85647
6.69798
0.614608
1.65837
-4.34555
14.3758
-10.3348
-4.60812
5.42278
0.522839
2.80358
-3.36627
-0.206495
7.6066
-0.317892
3.87905
0.781791
-4.40347
-1.90665
-4.60854
-1.32799
1.87746
-0.411791
10.9568
-5.90606
-0.528834
14.9937
5.81538
-1.44871
13.6339
-14.4737
-2.05323
-1.61585
4.2709
-7.98044
1.22458
-4.04568
-9.41951
-1.66847
0.877293
13.0764
1.49505
-10.8789
0.140318
-0.555285
-1.24473
-2.81877
-8.98102
-11.9515
0.0312014
0.218513
-0.0524596
-0.891809
3.89867
0.402068
3.66123
-0.495605
-5.31219
7.01236
-2.43263
-8.53738
-3.19999
-0.829961
-12.3705
-0.452623
-1.02457
0.683465
0.535517
-3.14033
-0.561087
2.63436
-0.894996
1.01236
-0.693148
3.61514
5.06498
-0.950476
5.04591
-1.35196
3.03853
0.540022
-4.77503
-0.663538
22.0393
-1.76894
0.380978
-8.44974
1.23455
5.3959
-2.44702
3.56553
0.91645
5.43164
-0.999725
-0.174218
1.54409
7.34271
2.67319
1.59387
-0.253824
-2.16587
-4.31437
4.7195
7.95234
2.71638
-1.03506
-4.57175
-5.35987
2.01244
2.52008
7.36548
3.22627
8.47651
1.3327
-0.0547822
-0.83885
-4.56745
2.60513
2.88139
-1.93599
-0.456105
-5.37872
0.357161
-6.06696
14.8168
-15.1663
-0.547942
-5.43792
-2.90253
-3.25784
1.81317
-1.43051
-3.11267
0.365642
-0.457943
-1.49966
-2.57048
-1.29257
-1.86616
-0.0673104
5.28613
-9.44602
0.240539
-7.2996
0.259458
2.24309
-2.25209
14.6084
0.0619189
-7.47971
-1.14763
-4.1516
-2.76564
-1.03674
3.02457
2.80448
-0.132427
-0.269023
1.41304
0.454838
-3.38981
-0.277345
-0.0994884
0.126122
1.55729
-1.86207
8.4576
2.47305
0.946822
0.694829
0.791745
3.4099
-0.141114
-0.803229
-0.121501
21.2888
-11.0647
-0.962755
3.68751
0.0898091
0.226422
-0.95782
5.45571
0.150527
0.858689
-0.29995
-0.618032
1.75915
-0.211061
-0.569895
1.30061
0.224464
2.0187
-1.76921
4.48381
1.12045
16.3493
1.44542
-0.560055
0.559837
-2.57816
-0.522155
-0.037906
0.616447
0.177127
-0.557546
-2.34737
2.6312
6.22853
17.5539
-12.3275
-1.69977
0.654427
-6.00368
4.54593
-4.35609
-13.9288
6.70696
-0.156482
-2.69805
-3.41976
2.82211
16.781
0.494437
-13.851
-3.00904
-0.943699
0.968434
7.06841
6.67324
-0.25107
0.448564
1.55281
25.2239
-2.39938
-0.0386863
5.86886
0.766
0.0336914
9.28918
3.99078
6.1047
8.70163
-7.03992
1.76051
-0.949722
-1.52401
2.61453
4.9547
1.84204
-1.1162
8.29303
-2.93055
-2.39007
0.520306
-0.0244421
-5.90728
0.529967
1.96835
0.33684
2.51213
-1.02152
-4.3983
2.17045
-0.506415
7.38425
-0.43339
-5.30909
5.51982
4.30327
-0.303471
8.86826
-4.88146
-2.1501
-8.42203
1.08998
0.535301
-6.67742
3.42743
-0.836821
8.51174
-13.978
0.00155026
-4.18457
3.55843
14.6879
2.8257
-1.1326
-6.01624
-2.51789
-10.4032
16.9951
1.56558
2.88692
2.93134
6.71592
0.3617
4.97357
-0.109461
-0.419224
-12.2094
-0.148691
-3.05749
-2.7326
-2.04896
-1.4371
3.401
2.68978
4.0079
-1.75347
-1.91207
0.419799
4.4353
-0.46126
-0.711376
0.469366
8.37074
-5.6622
1.28258
-2.81079
-0.655692
-0.0686529
2.1941
-16.3046
0.264767
-3.18058
-5.52211
4.66611
1.59999
0.101627
2.13769
0.738932
-3.10478
15.4177
5.58935
0.552762
15.1588
0.0406743
1.46074
-1.72241
-1.92547
0.738361
-2.9935
2.31465
-0.898715
-3.36292
1.09723
2.1307
12.2066
2.18372
0.464538
-0.363365
-7.64758
2.07934
15.3833
6.94468
3.9403
9.10669
1.59706
-7.75659
6.5838
-1.7329
-1.11226
3.35146
-6.39059
-1.49295
0.835959
0.926166
-0.805452
-0.576218
-2.73779
-0.104478
0.219029
-0.526104
-2.48553
2.88613
-0.0133227
9.46105
-0.882315
1.26842
0.288411
-5.26677
1.22604
-5.83363
3.81551
-0.021965
15.0861
-7.07767
0.684194
-2.34715
9.40328
-1.42698
0.0032498
6.73931
-0.644427
3.02581
-0.261404
-0.468103
-4.63665
-8.81562
-0.279336
-8.24735
6.00962
2.42172
-12.6714
3.38929
2.43474
-0.433256
0.130015
0.213448
4.02098
-5.69975
-1.71017
-0.740129
-3.04672
-11.3938
-2.21423
8.71797
15.6083
9.67545
2.51142
-0.485138
-5.12166
24.9199
-0.943141
-0.257634
-2.15458
2.77838
1.56768
6.06952
-2.33193
1.00674
-1.66103
-8.83569
6.01046
-1.03638
-3.13381
-1.04573
-11.651
-0.899031
6.37234
1.46113
0.0183836
