440.051
0.316699
0.341301
1.03792
1.01456
0.90228
0.546831
0.671678
3.25212
0.851973
0.194179
0.18366
35.2413
0.812786
0.526371
1.62981
1.06939
1.01506
0.869758
0.47381
0.55105
1.21746
0.944241
0.435977
0.985415
5.93271
1.35103
0.647665
0.744494
1.06999
1.39414
4.40408
0.51848
0.484782
0.700078
0.613187
1.18169
1.9515
2.11604
0.534512
0.99698
1.01076
0.913832
0.962252
0.44782
1.01935
0.0399742
0.740634
3.23693
0.500945
1.35362
3.15752
2.6458
1.0229
0.789711
2.17329
0.315488
0.183744
1.66897
0.514136
0.678528
0.409495
1.08379
3.79345
0.428684
4.60943
6.29041
0.883798
1.27557
0.218198
0.760529
0.197789
0.680309
0.247077
0.387183
2.5674
0.353036
0.9213
1.08935
2.27835
0.930296
0.576609
0.474034
18.7959
1.19113
0.83826
0.96515
1.98114
96.1452
2.11602
1.10072
0.0336432
0.782879
1.67687
12.5535
2.26025
0.608925
0.671006
0.353535
1.04951
3.63792
1.83958
1.85084
0.551132
0.938972
0.875316
0.803115
12.707
0.28365
7.6068
2.2509
6.88192
0.844089
1.22613
0.546902
13.1832
0.437966
1.87858
1.70231
0.913434
0.863193
0.989093
10.8951
2.17748
0.959448
3.09497
0.726282
0.0925533
1.59639
1.04378
0.0396684
2.43575
0.473239
16.3827
0.579299
2.3272
83.8987
1.50192
1.04573
0.640862
5.97872
0.748738
0.263365
0.057328
1.8842
0.420844
1.00258
1.52274
0.956313
0.902079
2.15209
3.12583
1.8064
0.908403
0.546988
0.0542094
1.02611
43.1512
2.3427
1.22481
0.617148
0.572874
0.825797
3.51127
1.74722
3.00758
2.22092
7.525
2.53131
0.440225
3.71294
7.0761
0.72698
1.43668
1.39092
0.697473
0.434219
1.06446
1.11363
4.7934
0.633994
0.980552
0.839661
0.16691
0.322567
0.0154076
1.08742
0.705596
0.571467
1.09731
0.90257
1.19298
0.715056
0.867532
0.622426
0.302818
0.641906
0.103968
36.2699
1.65875
0.233521
0.456761
1.12995
16.1792
1.22845
2.87515
1.41614
0.526755
0.777879
0.504501
1.25476
0.979615
0.601303
0.148583
8.65946
0.163244
0.77908
0.948893
0.791882
0.49987
21.5221
1.05143
0.6629
0.94365
0.895002
1.57562
0.304328
3.6192
15.2028
0.403337
1.14257
0.933364
0.710956
0.849595
0.77911
3.73925
0.723284
1.07339
0.96967
1.82095
0.994442
0.112179
1.30741
0.474387
1.41916
0.0484505
0.966034
0.756565
0.686182
1.98451
1.2186
2.38543
0.590424
0.601444
1.07868
0.854884
1.30252
2.5481
0.133937
6.78303
1.02634
1.32679
0.994026
18.5269
1.82438
5.38778
0.925717
0.899499
2.90484
3.11755
2.43968
0.614547
2.18354
0.341489
0.940313
1.18262
0.827632
3.53721
1.26397
0.466862
0.950829
1.30621
2.4309
5.42027
1.31884
1.02859
0.0401736
1.09842
1.2033
2.31065
2.62689
0.389006
0.997685
2.14395
0.520437
0.92448
1.08748
0.941504
0.75593
3.00005
0.0602163
28.9143
0.645687
0.968488
2.03809
0.524424
1.82728
3.07987
2.69202
1.08271
0.773072
1.33799
0.77695
0.270633
1.33364
17.499
0.835221
1.52442
6.53959
0.886846
1.09838
5.00731
0.656864
1.59755
0.362042
1.11258
0.0104549
0.951021
0.0267546
0.737752
0.370977
60.3482
2.29291
6.93333
0.521213
385.795
0.691714
0.67226
1.46372
4.35411
3.15634
1.33813
0.102207
0.459593
1.15453
3.99796
6.86737
0.741048
0.917726
0.430181
1.13861
0.578146
1.32835
1.22987
0.883839
5.6397
0.993823
0.00927688
0.738309
1.82651
2.27949
0.313711
1.88695
1.83052
3.68547
23.7331
2.24203
0.437755
0.756283
2.57616
0.923707
0.944327
1.60312
0.84813
0.522642
0.38295
0.753507
0.407328
0.00294702
1.12231
0.88754
0.992677
0.605377
1.81389
0.93561
2.28344
0.775935
1.48286
0.254712
0.802265
0.396724
0.170833
0.766277
1.00186
2.0025
1.36032
4.4649
0.589737
5.0072
1.08031
0.884053
1.75563
0.285797
2.29138
1.24433
0.717018
0.309419
0.301974
5.75081
0.352431
0.170988
0.485487
0.0669224
0.391207
1.15775
1.0436
0.446338
8.37618
0.0944163
0.775368
0.129516
0.784284
9.88464
1.7631
0.968302
1.18401
0.511456
1.05518
0.635222
0.729687
2.89094
3.14551
0.939431
0.465229
101.481
1.42252
1.06206
1.41393
0.171053
1.04522
0.237776
0.658188
0.11191
0.889555
1.00004
1.06391
1.21591
1.53072
0.8643
1.23067
1.04094
0.185761
0.0289931
1.49941
0.655611
0.97808
0.477149
1.10418
0.597927
1.40865
1.15793
0.266536
0.95169
0.623815
0.0476674
16.6907
1.48139
1.00881
1.00035
0.961841
0.945992
7.37839
1.09676
0.17848
1.00197
1.00666
0.714358
0.672296
0.900341
3.26844
0.589617
1.01511
1.12612
0.451751
0.455121
0.499703
1.15996
23.2586
3.3434
0.468549
0.0361591
0.242824
1.06999
1.31899
0.667898
0.877773
0.923008
0.0695227
15.3442
0.721157
1.0269
0.248139
0.464968
1.14905
1.18003
0.031384
0.423792
0.475292
0.70261
1.16647
0.388825
0.315134
51.6559
0.138676
2.42806
7.32525
1.23367
0.51653
1.80619
1.54976
0.910224
0.600684
1.03277
0.333179
1.45128
0.780609
0.227514
2.13437
164.646
1.01336
0.397174
0.760447
1.13844
1.99496
26.4847
2.35858
1.0636
0.955288
1.00097
0.457002
0.957158
2.22817
1.02416
0.565389
2.17728
1.38194
0.594553
0.254249
0.069157
0.940146
7.8425
3.75928
0.138959
0.186607
0.258427
0.764905
8.54495
3.85165
4.67518
1.15202
1.465
0.367659
27.389
0.0925796
0.346089
3.4856
1.12793
1.90703
0.460652
0.953565
5.76315
0.929417
2.4429
1.19723
0.362788
0.644666
0.346055
0.736547
1.5408
0.909538
12.4645
0.256681
0.885353
31.5769
3.81538
0.716356
23.0881
0.0356968
0.623272
0.689311
2.67356
0.159205
1.32574
0.393941
0.114301
0.681009
1.22385
20.3068
1.41093
0.0816793
1.03284
0.879977
0.750804
0.522545
0.126444
0.0638037
1.00721
1.0516
0.987993
0.814365
2.45396
1.097
2.32339
0.892153
0.294293
5.02616
0.571132
0.140043
0.478631
0.826045
0.0579367
0.901027
0.789846
1.17043
1.13123
0.485252
0.878802
1.83415
0.813768
1.26251
0.852482
2.29887
3.20995
0.803438
3.19588
0.732494
2.01304
1.13241
0.333041
0.858314
159.931
0.665435
1.09169
0.142898
1.32879
3.4641
0.569243
2.27276
1.23494
3.49273
0.794379
0.960679
1.42695
5.42339
1.85063
1.4434
0.94323
0.607314
0.370308
2.96449
6.24071
1.86912
0.787942
0.349
0.291081
1.58944
1.78652
5.4519
2.10197
7.04127
1.35916
0.987465
0.824356
0.349345
1.82185
1.94151
0.640326
0.900305
0.28982
1.08572
0.247346
30.3168
0.030435
0.881466
0.285896
0.512562
0.472297
1.51816
0.719364
0.488352
1.08784
0.899924
0.708001
0.553289
0.742579
0.650704
0.984621
3.37764
0.113605
1.05695
0.186226
1.06156
1.67613
0.595376
28.8964
1.01436
0.178661
0.767781
0.38445
0.528976
0.787637
2.00658
1.90743
0.969968
0.939935
1.38453
1.11041
0.458162
0.938135
0.977352
1.02947
1.43129
0.651317
7.01068
1.76728
1.2436
1.1735
1.19998
2.19275
0.968029
0.831146
0.972411
134.55
0.0782586
0.80117
2.3375
1.02089
1.05352
0.802081
3.51213
1.03527
1.21862
0.933265
0.867355
1.49939
0.952564
0.877022
1.34915
1.05304
1.59173
0.665394
2.8079
1.29433
43.1448
1.3949
0.879011
1.13758
0.552311
0.886716
0.99131
1.15251
1.04163
0.879519
0.582456
1.83282
4.19617
56.9365
0.0585129
0.676118
1.16263
0.250976
2.84835
0.366768
0.040469
4.68485
0.96461
0.537273
0.455013
1.91518
47.6542
1.12058
0.0412001
0.500146
0.804693
1.24981
5.09144
4.64862
0.943828
1.10881
1.42982
332.96
0.575522
0.991132
3.86266
1.19289
1.00779
8.49019
2.50656
4.07821
7.41589
0.197701
1.49986
0.803578
0.704043
1.8258
3.12946
1.52828
0.773356
6.74999
0.509266
0.576757
1.12728
0.994388
0.256609
1.12979
1.57339
1.08065
1.78325
0.790402
0.36322
1.64833
0.889936
5.47552
0.905026
0.294504
3.56436
2.69356
0.932509
7.70595
0.324978
0.609523
0.143813
1.28528
1.13118
0.214911
2.20162
0.824742
7.09861
0.0400131
1.00036
0.381542
2.26904
29.4297
1.91677
0.770443
0.250251
0.56003
0.0911345
50.0626
1.43403
1.94398
1.96397
4.69453
1.08685
3.14309
0.975111
0.907983
0.060126
0.966342
0.494596
0.533016
0.623884
0.718273
2.18827
1.85771
2.51646
0.66781
0.643863
1.10149
2.7767
0.899237
0.848911
1.11413
6.87185
0.271506
1.34356
0.523505
0.859866
0.984316
1.65734
0.0234173
1.06286
0.480776
0.280407
2.92827
1.44544
1.02368
1.63594
1.18548
0.48924
34.8149
3.62189
1.13573
32.8008
1.00941
1.39983
0.672603
0.641878
1.18532
0.501938
1.70398
0.813071
0.461007
1.28743
1.63332
16.6211
1.65338
1.11289
0.919737
0.171887
1.61411
34.5406
4.94843
2.47759
8.14084
1.44446
0.167626
4.55386
0.67098
0.77406
2.16344
0.229584
0.709096
1.21226
1.2377
0.83072
0.875746
0.53238
0.97623
1.05173
0.88591
0.564217
1.94363
0.996937
8.83293
0.816147
1.33919
1.06866
0.297388
1.32618
0.260998
2.40741
0.994955
32.2563
0.19599
1.17063
0.582486
8.71621
0.71995
1.00075
4.71988
0.862099
2.00715
0.941585
0.897821
0.343823
0.131352
0.937705
0.149715
3.9899
1.74651
0.0540586
2.18237
1.75176
0.905054
1.03039
1.05038
2.52405
0.269169
0.674501
0.84331
0.495825
0.0725464
0.600588
7.44383
36.3772
9.27994
1.78296
0.894306
0.307492
310.451
0.804796
0.942403
0.608895
1.896
1.43472
4.04531
0.58453
1.26088
0.682176
0.130747
3.99067
0.787701
0.48598
0.786009
0.0683746
0.813012
4.33745
1.39995
1.00424
