-2.06823e-13
-0.481754
-0.844328
-0.998027
-0.904827
-0.587785
-0.125333
0.368125
0.770513
0.982287
0.951057
0.684547
0.24869
-0.24869
-0.684547
-0.951057
-0.982287
-0.770513
-0.368125
0.125333
0.587785
0.904827
0.998027
0.844328
0.481754
-1.03323e-12
-0.481754
-0.844328
-0.998027
-0.904827
-0.587785
-0.125333
0.368125
0.770513
0.982287
0.951057
0.684547
0.24869
-0.24869
-0.684547
-0.951057
-0.982287
-0.770513
-0.368125
0.125333
0.587785
0.904827
0.998027
0.844328
0.481754
-1.85697e-12
-0.481754
-0.844328
-0.998027
-0.904827
-0.587785
-0.125333
0.368125
0.770513
0.982287
0.951057
0.684547
0.24869
-0.24869
-0.684547
-0.951057
-0.982287
-0.770513
-0.368125
0.125333
0.587785
0.904827
0.998027
0.844328
0.481754
-2.68781e-12
-0.481754
-0.844328
-0.998027
-0.904827
-0.587785
-0.125333
0.368125
0.770513
0.982287
0.951057
0.684547
0.24869
-0.24869
-0.684547
-0.951057
-0.982287
-0.770513
-0.368125
0.125333
0.587785
0.904827
0.998027
0.844328
0.481754
-3.51155e-12
-0.481754
-0.844328
-0.998027
-0.904827
-0.587785
-0.125333
0.368125
0.770513
0.982287
0.951057
0.684547
0.24869
-0.24869
-0.684547
-0.951057
-0.982287
-0.770513
-0.368125
0.125333
0.587785
0.904827
0.998027
0.844328
0.481754
-4.33529e-12
-0.481754
-0.844328
-0.998027
-0.904827
-0.587785
-0.125333
0.368125
0.770513
0.982287
0.951057
0.684547
0.24869
-0.24869
-0.684547
-0.951057
-0.982287
-0.770513
-0.368125
0.125333
0.587785
0.904827
0.998027
0.844328
0.481754
-5.15903e-12
-0.481754
-0.844328
-0.998027
-0.904827
-0.587785
-0.125333
0.368125
0.770513
0.982287
0.951057
0.684547
0.24869
-0.24869
-0.684547
-0.951057
-0.982287
-0.770513
-0.368125
0.125333
0.587785
0.904827
0.998027
0.844328
0.481754
-5.98277e-12
-0.481754
-0.844328
-0.998027
-0.904827
-0.587785
-0.125333
0.368125
0.770513
0.982287
0.951057
0.684547
0.24869
-0.24869
-0.684547
-0.951057
-0.982287
-0.770513
-0.368125
0.125333
0.587785
0.904827
0.998027
0.844328
0.481754
6.60413e-12
0.481754
0.844328
0.998027
0.904827
0.587785
0.125333
-0.368125
-0.770513
-0.982287
-0.951057
-0.684547
-0.24869
0.24869
0.684547
0.951057
0.982287
0.770513
0.368125
-0.125333
-0.587785
-0.904827
-0.998027
-0.844328
-0.481754
7.44208e-12
0.481754
0.844328
0.998027
0.904827
0.587785
0.125333
-0.368125
-0.770513
-0.982287
-0.951057
-0.684547
-0.24869
0.24869
0.684547
0.951057
0.982287
0.770513
0.368125
-0.125333
-0.587785
-0.904827
-0.998027
-0.844328
-0.481754
8.26582e-12
0.481754
0.844328
0.998027
0.904827
0.587785
0.125333
-0.368125
-0.770513
-0.982287
-0.951057
-0.684547
-0.24869
0.24869
0.684547
0.951057
0.982287
0.770513
0.368125
-0.125333
-0.587785
-0.904827
-0.998027
-0.844328
-0.481754
9.10377e-12
0.481754
0.844328
0.998027
0.904827
0.587785
0.125333
-0.368125
-0.770513
-0.982287
-0.951057
-0.684547
-0.24869
0.24869
0.684547
0.951057
0.982287
0.770513
0.368125
-0.125333
-0.587785
-0.904827
-0.998027
-0.844328
-0.481754
9.9133e-12
0.481754
0.844328
0.998027
0.904827
0.587785
0.125333
-0.368125
-0.770513
-0.982287
-0.951057
-0.684547
-0.24869
0.24869
0.684547
0.951057
0.982287
0.770513
0.368125
-0.125333
-0.587785
-0.904827
-0.998027
-0.844328
-0.481754
1.07512e-11
0.481754
0.844328
0.998027
0.904827
0.587785
0.125333
-0.368125
-0.770513
-0.982287
-0.951057
-0.684547
-0.24869
0.24869
0.684547
0.951057
0.982287
0.770513
0.368125
-0.125333
-0.587785
-0.904827
-0.998027
-0.844328
-0.481754
1.15608e-11
0.481754
0.844328
0.998027
0.904827
0.587785
0.125333
-0.368125
-0.770513
-0.982287
-0.951057
-0.684547
-0.24869
0.24869
0.684547
0.951057
0.982287
0.770513
0.368125
-0.125333
-0.587785
-0.904827
-0.998027
-0.844328
-0.481754
1.23987e-11
0.481754
0.844328
0.998027
0.904827
0.587785
0.125333
-0.368125
-0.770513
-0.982287
-0.951057
-0.684547
-0.24869
0.24869
0.684547
0.951057
0.982287
0.770513
0.368125
-0.125333
-0.587785
-0.904827
-0.998027
-0.844328
-0.481754
1.32083e-11
0.481754
0.844328
0.998027
0.904827
0.587785
0.125333
-0.368125
-0.770513
-0.982287
-0.951057
-0.684547
-0.24869
0.24869
0.684547
0.951057
0.982287
0.770513
0.368125
-0.125333
-0.587785
-0.904827
-0.998027
-0.844328
-0.481754
1.40462e-11
0.481754
0.844328
0.998027
0.904827
0.587785
0.125333
-0.368125
-0.770513
-0.982287
-0.951057
-0.684547
-0.24869
0.24869
0.684547
0.951057
0.982287
0.770513
0.368125
-0.125333
-0.587785
-0.904827
-0.998027
-0.844328
-0.481754
1.48842e-11
0.481754
0.844328
0.998027
0.904827
0.587785
0.125333
-0.368125
-0.770513
-0.982287
-0.951057
-0.684547
-0.24869
0.24869
0.684547
0.951057
0.982287
0.770513
0.368125
-0.125333
-0.587785
-0.904827
-0.998027
-0.844328
-0.481754
1.56937e-11
0.481754
0.844328
0.998027
0.904827
0.587785
0.125333
-0.368125
-0.770513
-0.982287
-0.951057
-0.684547
-0.24869
0.24869
0.684547
0.951057
0.982287
0.770513
0.368125
-0.125333
-0.587785
-0.904827
-0.998027
-0.844328
-0.481754
1.65316e-11
0.481754
0.844328
0.998027
0.904827
0.587785
0.125333
-0.368125
-0.770513
-0.982287
-0.951057
-0.684547
-0.24869
0.24869
0.684547
0.951057
0.982287
0.770513
0.368125
-0.125333
-0.587785
-0.904827
-0.998027
-0.844328
-0.481754
1.7398e-11
0.481754
0.844328
0.998027
0.904827
0.587785
0.125333
-0.368125
-0.770513
-0.982287
-0.951057
-0.684547
-0.24869
0.24869
0.684547
0.951057
0.982287
0.770513
0.368125
-0.125333
-0.587785
-0.904827
-0.998027
-0.844328
-0.481754
1.82075e-11
0.481754
0.844328
0.998027
0.904827
0.587785
0.125333
-0.368125
-0.770513
-0.982287
-0.951057
-0.684547
-0.24869
0.24869
0.684547
0.951057
0.982287
0.770513
0.368125
-0.125333
-0.587785
-0.904827
-0.998027
-0.844328
-0.481754
1.90171e-11
0.481754
0.844328
0.998027
0.904827
0.587785
0.125333
-0.368125
-0.770513
-0.982287
-0.951057
-0.684547
-0.24869
0.24869
0.684547
0.951057
0.982287
0.770513
0.368125
-0.125333
-0.587785
-0.904827
-0.998027
-0.844328
-0.481754
1.98266e-11
0.481754
0.844328
0.998027
0.904827
0.587785
0.125333
-0.368125
-0.770513
-0.982287
-0.951057
-0.684547
-0.24869
0.24869
0.684547
0.951057
0.982287
0.770513
0.368125
-0.125333
-0.587785
-0.904827
-0.998027
-0.844328
-0.481754
2.0693e-11
0.481754
0.844328
0.998027
0.904827
0.587785
0.125333
-0.368125
-0.770513
-0.982287
-0.951057
-0.684547
-0.24869
0.24869
0.684547
0.951057
0.982287
0.770513
0.368125
-0.125333
-0.587785
-0.904827
-0.998027
-0.844328
-0.481754
2.15025e-11
0.481754
0.844328
0.998027
0.904827
0.587785
0.125333
-0.368125
-0.770513
-0.982287
-0.951057
-0.684547
-0.24869
0.24869
0.684547
0.951057
0.982287
0.770513
0.368125
-0.125333
-0.587785
-0.904827
-0.998027
-0.844328
-0.481754
2.23689e-11
0.481754
0.844328
0.998027
0.904827
0.587785
0.125333
-0.368125
-0.770513
-0.982287
-0.951057
-0.684547
-0.24869
0.24869
0.684547
0.951057
0.982287
0.770513
0.368125
-0.125333
-0.587785
-0.904827
-0.998027
-0.844328
-0.481754
2.31216e-11
0.481754
0.844328
0.998027
0.904827
0.587785
0.125333
-0.368125
-0.770513
-0.982287
-0.951057
-0.684547
-0.24869
0.24869
0.684547
0.951057
0.982287
0.770513
0.368125
-0.125333
-0.587785
-0.904827
-0.998027
-0.844328
-0.481754
2.39879e-11
0.481754
0.844328
0.998027
0.904827
0.587785
0.125333
-0.368125
-0.770513
-0.982287
-0.951057
-0.684547
-0.24869
0.24869
0.684547
0.951057
0.982287
0.770513
0.368125
-0.125333
-0.587785
-0.904827
-0.998027
-0.844328
-0.481754
2.47975e-11
0.481754
0.844328
0.998027
0.904827
0.587785
0.125333
-0.368125
-0.770513
-0.982287
-0.951057
-0.684547
-0.24869
0.24869
0.684547
0.951057
0.982287
0.770513
0.368125
-0.125333
-0.587785
-0.904827
-0.998027
-0.844328
-0.481754
2.56638e-11
0.481754
0.844328
0.998027
0.904827
0.587785
0.125333
-0.368125
-0.770513
-0.982287
-0.951057
-0.684547
-0.24869
0.24869
0.684547
0.951057
0.982287
0.770513
0.368125
-0.125333
-0.587785
-0.904827
-0.998027
-0.844328
-0.481754
2.64165e-11
0.481754
0.844328
0.998027
0.904827
0.587785
0.125333
-0.368125
-0.770513
-0.982287
-0.951057
-0.684547
-0.24869
0.24869
0.684547
0.951057
0.982287
0.770513
0.368125
-0.125333
-0.587785
-0.904827
-0.998027
-0.844328
-0.481754
2.72829e-11
0.481754
0.844328
0.998027
0.904827
0.587785
0.125333
-0.368125
-0.770513
-0.982287
-0.951057
-0.684547
-0.24869
0.24869
0.684547
0.951057
0.982287
0.770513
0.368125
-0.125333
-0.587785
-0.904827
-0.998027
-0.844328
-0.481754
2.80924e-11
0.481754
0.844328
0.998027
0.904827
0.587785
0.125333
-0.368125
-0.770513
-0.982287
-0.951057
-0.684547
-0.24869
0.24869
0.684547
0.951057
0.982287
0.770513
0.368125
-0.125333
-0.587785
-0.904827
-0.998027
-0.844328
-0.481754
2.89588e-11
0.481754
0.844328
0.998027
0.904827
0.587785
0.125333
-0.368125
-0.770513
-0.982287
-0.951057
-0.684547
-0.24869
0.24869
0.684547
0.951057
0.982287
0.770513
0.368125
-0.125333
-0.587785
-0.904827
-0.998027
-0.844328
-0.481754
2.97683e-11
0.481754
0.844328
0.998027
0.904827
0.587785
0.125333
-0.368125
-0.770513
-0.982287
-0.951057
-0.684547
-0.24869
0.24869
0.684547
0.951057
0.982287
0.770513
0.368125
-0.125333
-0.587785
-0.904827
-0.998027
-0.844328
-0.481754
3.05778e-11
0.481754
0.844328
0.998027
0.904827
0.587785
0.125333
-0.368125
-0.770513
-0.982287
-0.951057
-0.684547
-0.24869
0.24869
0.684547
0.951057
0.982287
0.770513
0.368125
-0.125333
-0.587785
-0.904827
-0.998027
-0.844328
-0.481754
3.13874e-11
0.481754
0.844328
0.998027
0.904827
0.587785
0.125333
-0.368125
-0.770513
-0.982287
-0.951057
-0.684547
-0.24869
0.24869
0.684547
0.951057
0.982287
0.770513
0.368125
-0.125333
-0.587785
-0.904827
-0.998027
-0.844328
-0.481754
3.22537e-11
0.481754
0.844328
0.998027
0.904827
0.587785
0.125333
-0.368125
-0.770513
-0.982287
-0.951057
-0.684547
-0.24869
0.24869
0.684547
0.951057
0.982287
0.770513
0.368125
-0.125333
-0.587785
-0.904827
-0.998027
-0.844328
-0.481754
3.30633e-11
0.481754
0.844328
0.998027
0.904827
0.587785
0.125333
-0.368125
-0.770513
-0.982287
-0.951057
-0.684547
-0.24869
0.24869
0.684547
0.951057
0.982287
0.770513
0.368125
-0.125333
-0.587785
-0.904827
-0.998027
-0.844328
-0.481754
3.39296e-11
0.481754
0.844328
0.998027
0.904827
0.587785
0.125333
-0.368125
-0.770513
-0.982287
-0.951057
-0.684547
-0.24869
0.24869
0.684547
0.951057
0.982287
0.770513
0.368125
-0.125333
-0.587785
-0.904827
-0.998027
-0.844328
-0.481754
3.4796e-11
0.481754
0.844328
0.998027
0.904827
0.587785
0.125333
-0.368125
-0.770513
-0.982287
-0.951057
-0.684547
-0.24869
0.24869
0.684547
0.951057
0.982287
0.770513
0.368125
-0.125333
-0.587785
-0.904827
-0.998027
-0.844328
-0.481754
3.55487e-11
0.481754
0.844328
0.998027
0.904827
0.587785
0.125333
-0.368125
-0.770513
-0.982287
-0.951057
-0.684547
-0.24869
0.24869
0.684547
0.951057
0.982287
0.770513
0.368125
-0.125333
-0.587785
-0.904827
-0.998027
-0.844328
-0.481754
3.64151e-11
0.481754
0.844328
0.998027
0.904827
0.587785
0.125333
-0.368125
-0.770513
-0.982287
-0.951057
-0.684547
-0.24869
0.24869
0.684547
0.951057
0.982287
0.770513
0.368125
-0.125333
-0.587785
-0.904827
-0.998027
-0.844328
-0.481754
3.71678e-11
0.481754
0.844328
0.998027
0.904827
0.587785
0.125333
-0.368125
-0.770513
-0.982287
-0.951057
-0.684547
-0.24869
0.24869
0.684547
0.951057
0.982287
0.770513
0.368125
-0.125333
-0.587785
-0.904827
-0.998027
-0.844328
-0.481754
3.80341e-11
0.481754
0.844328
0.998027
0.904827
0.587785
0.125333
-0.368125
-0.770513
-0.982287
-0.951057
-0.684547
-0.24869
0.24869
0.684547
0.951057
0.982287
0.770513
0.368125
-0.125333
-0.587785
-0.904827
-0.998027
-0.844328
-0.481754
3.89005e-11
0.481754
0.844328
0.998027
0.904827
0.587785
0.125333
-0.368125
-0.770513
-0.982287
-0.951057
-0.684547
-0.24869
0.24869
0.684547
0.951057
0.982287
0.770513
0.368125
-0.125333
-0.587785
-0.904827
-0.998027
-0.844328
-0.481754
-3.98698e-11
-0.481754
-0.844328
-0.998027
-0.904827
-0.587785
-0.125333
0.368125
0.770513
0.982287
0.951057
0.684547
0.24869
-0.24869
-0.684547
-0.951057
-0.982287
-0.770513
-0.368125
0.125333
0.587785
0.904827
0.998027
0.844328
0.481754
-4.06225e-11
-0.481754
-0.844328
-0.998027
-0.904827
-0.587785
-0.125333
0.368125
0.770513
0.982287
0.951057
0.684547
0.24869
-0.24869
-0.684547
-0.951057
-0.982287
-0.770513
-0.368125
0.125333
0.587785
0.904827
0.998027
0.844328
0.481754
-4.16025e-11
-0.481754
-0.844328
-0.998027
-0.904827
-0.587785
-0.125333
0.368125
0.770513
0.982287
0.951057
0.684547
0.24869
-0.24869
-0.684547
-0.951057
-0.982287
-0.770513
-0.368125
0.125333
0.587785
0.904827
0.998027
0.844328
0.481754
-4.23552e-11
-0.481754
-0.844328
-0.998027
-0.904827
-0.587785
-0.125333
0.368125
0.770513
0.982287
0.951057
0.684547
0.24869
-0.24869
-0.684547
-0.951057
-0.982287
-0.770513
-0.368125
0.125333
0.587785
0.904827
0.998027
0.844328
0.481754
-4.32216e-11
-0.481754
-0.844328
-0.998027
-0.904827
-0.587785
-0.125333
0.368125
0.770513
0.982287
0.951057
0.684547
0.24869
-0.24869
-0.684547
-0.951057
-0.982287
-0.770513
-0.368125
0.125333
0.587785
0.904827
0.998027
0.844328
0.481754
-4.39743e-11
-0.481754
-0.844328
-0.998027
-0.904827
-0.587785
-0.125333
0.368125
0.770513
0.982287
0.951057
0.684547
0.24869
-0.24869
-0.684547
-0.951057
-0.982287
-0.770513
-0.368125
0.125333
0.587785
0.904827
0.998027
0.844328
0.481754
-4.49543e-11
-0.481754
-0.844328
-0.998027
-0.904827
-0.587785
-0.125333
0.368125
0.770513
0.982287
0.951057
0.684547
0.24869
-0.24869
-0.684547
-0.951057
-0.982287
-0.770513
-0.368125
0.125333
0.587785
0.904827
0.998027
0.844328
0.481754
-4.5707e-11
-0.481754
-0.844328
-0.998027
-0.904827
-0.587785
-0.125333
0.368125
0.770513
0.982287
0.951057
0.684547
0.24869
-0.24869
-0.684547
-0.951057
-0.982287
-0.770513
-0.368125
0.125333
0.587785
0.904827
0.998027
0.844328
0.481754
-4.64597e-11
-0.481754
-0.844328
-0.998027
-0.904827
-0.587785
-0.125333
0.368125
0.770513
0.982287
0.951057
0.684547
0.24869
-0.24869
-0.684547
-0.951057
-0.982287
-0.770513
-0.368125
0.125333
0.587785
0.904827
0.998027
0.844328
0.481754
-4.73261e-11
-0.481754
-0.844328
-0.998027
-0.904827
-0.587785
-0.125333
0.368125
0.770513
0.982287
0.951057
0.684547
0.24869
-0.24869
-0.684547
-0.951057
-0.982287
-0.770513
-0.368125
0.125333
0.587785
0.904827
0.998027
0.844328
0.481754
-4.81924e-11
-0.481754
-0.844328
-0.998027
-0.904827
-0.587785
-0.125333
0.368125
0.770513
0.982287
0.951057
0.684547
0.24869
-0.24869
-0.684547
-0.951057
-0.982287
-0.770513
-0.368125
0.125333
0.587785
0.904827
0.998027
0.844328
0.481754
-4.89451e-11
-0.481754
-0.844328
-0.998027
-0.904827
-0.587785
-0.125333
0.368125
0.770513
0.982287
0.951057
0.684547
0.24869
-0.24869
-0.684547
-0.951057
-0.982287
-0.770513
-0.368125
0.125333
0.587785
0.904827
0.998027
0.844328
0.481754
-4.98115e-11
-0.481754
-0.844328
-0.998027
-0.904827
-0.587785
-0.125333
0.368125
0.770513
0.982287
0.951057
0.684547
0.24869
-0.24869
-0.684547
-0.951057
-0.982287
-0.770513
-0.368125
0.125333
0.587785
0.904827
0.998027
0.844328
0.481754
-5.05642e-11
-0.481754
-0.844328
-0.998027
-0.904827
-0.587785
-0.125333
0.368125
0.770513
0.982287
0.951057
0.684547
0.24869
-0.24869
-0.684547
-0.951057
-0.982287
-0.770513
-0.368125
0.125333
0.587785
0.904827
0.998027
0.844328
0.481754
-5.15443e-11
-0.481754
-0.844328
-0.998027
-0.904827
-0.587785
-0.125333
0.368125
0.770513
0.982287
0.951057
0.684547
0.24869
-0.24869
-0.684547
-0.951057
-0.982287
-0.770513
-0.368125
0.125333
0.587785
0.904827
0.998027
0.844328
0.481754
-5.22969e-11
-0.481754
-0.844328
-0.998027
-0.904827
-0.587785
-0.125333
0.368125
0.770513
0.982287
0.951057
0.684547
0.24869
-0.24869
-0.684547
-0.951057
-0.982287
-0.770513
-0.368125
0.125333
0.587785
0.904827
0.998027
0.844328
0.481754
-5.30496e-11
-0.481754
-0.844328
-0.998027
-0.904827
-0.587785
-0.125333
0.368125
0.770513
0.982287
0.951057
0.684547
0.24869
-0.24869
-0.684547
-0.951057
-0.982287
-0.770513
-0.368125
0.125333
0.587785
0.904827
0.998027
0.844328
0.481754
-5.3916e-11
-0.481754
-0.844328
-0.998027
-0.904827
-0.587785
-0.125333
0.368125
0.770513
0.982287
0.951057
0.684547
0.24869
-0.24869
-0.684547
-0.951057
-0.982287
-0.770513
-0.368125
0.125333
0.587785
0.904827
0.998027
0.844328
0.481754
-5.47824e-11
-0.481754
-0.844328
-0.998027
-0.904827
-0.587785
-0.125333
0.368125
0.770513
0.982287
0.951057
0.684547
0.24869
-0.24869
-0.684547
-0.951057
-0.982287
-0.770513
-0.368125
0.125333
0.587785
0.904827
0.998027
0.844328
0.481754
-5.56487e-11
-0.481754
-0.844328
-0.998027
-0.904827
-0.587785
-0.125333
0.368125
0.770513
0.982287
0.951057
0.684547
0.24869
-0.24869
-0.684547
-0.951057
-0.982287
-0.770513
-0.368125
0.125333
0.587785
0.904827
0.998027
0.844328
0.481754
-5.64014e-11
-0.481754
-0.844328
-0.998027
-0.904827
-0.587785
-0.125333
0.368125
0.770513
0.982287
0.951057
0.684547
0.24869
-0.24869
-0.684547
-0.951057
-0.982287
-0.770513
-0.368125
0.125333
0.587785
0.904827
0.998027
0.844328
0.481754
-5.71541e-11
-0.481754
-0.844328
-0.998027
-0.904827
-0.587785
-0.125333
0.368125
0.770513
0.982287
0.951057
0.684547
0.24869
-0.24869
-0.684547
-0.951057
-0.982287
-0.770513
-0.368125
0.125333
0.587785
0.904827
0.998027
0.844328
0.481754
-5.81342e-11
-0.481754
-0.844328
-0.998027
-0.904827
-0.587785
-0.125333
0.368125
0.770513
0.982287
0.951057
0.684547
0.24869
-0.24869
-0.684547
-0.951057
-0.982287
-0.770513
-0.368125
0.125333
0.587785
0.904827
0.998027
0.844328
0.481754
-5.88869e-11
-0.481754
-0.844328
-0.998027
-0.904827
-0.587785
-0.125333
0.368125
0.770513
0.982287
0.951057
0.684547
0.24869
-0.24869
-0.684547
-0.951057
-0.982287
-0.770513
-0.368125
0.125333
0.587785
0.904827
0.998027
0.844328
0.481754
5.95366e-11
0.481754
0.844328
0.998027
0.904827
0.587785
0.125333
-0.368125
-0.770513
-0.982287
-0.951057
-0.684547
-0.24869
0.24869
0.684547
0.951057
0.982287
0.770513
0.368125
-0.125333
-0.587785
-0.904827
-0.998027
-0.844328
-0.481754
6.02893e-11
0.481754
0.844328
0.998027
0.904827
0.587785
0.125333
-0.368125
-0.770513
-0.982287
-0.951057
-0.684547
-0.24869
0.24869
0.684547
0.951057
0.982287
0.770513
0.368125
-0.125333
-0.587785
-0.904827
-0.998027
-0.844328
-0.481754
6.11557e-11
0.481754
0.844328
0.998027
0.904827
0.587785
0.125333
-0.368125
-0.770513
-0.982287
-0.951057
-0.684547
-0.24869
0.24869
0.684547
0.951057
0.982287
0.770513
0.368125
-0.125333
-0.587785
-0.904827
-0.998027
-0.844328
-0.481754
6.20221e-11
0.481754
0.844328
0.998027
0.904827
0.587785
0.125333
-0.368125
-0.770513
-0.982287
-0.951057
-0.684547
-0.24869
0.24869
0.684547
0.951057
0.982287
0.770513
0.368125
-0.125333
-0.587785
-0.904827
-0.998027
-0.844328
-0.481754
6.27747e-11
0.481754
0.844328
0.998027
0.904827
0.587785
0.125333
-0.368125
-0.770513
-0.982287
-0.951057
-0.684547
-0.24869
0.24869
0.684547
0.951057
0.982287
0.770513
0.368125
-0.125333
-0.587785
-0.904827
-0.998027
-0.844328
-0.481754
6.36411e-11
0.481754
0.844328
0.998027
0.904827
0.587785
0.125333
-0.368125
-0.770513
-0.982287
-0.951057
-0.684547
-0.24869
0.24869
0.684547
0.951057
0.982287
0.770513
0.368125
-0.125333
-0.587785
-0.904827
-0.998027
-0.844328
-0.481754
6.45075e-11
0.481754
0.844328
0.998027
0.904827
0.587785
0.125333
-0.368125
-0.770513
-0.982287
-0.951057
-0.684547
-0.24869
0.24869
0.684547
0.951057
0.982287
0.770513
0.368125
-0.125333
-0.587785
-0.904827
-0.998027
-0.844328
-0.481754
6.52602e-11
0.481754
0.844328
0.998027
0.904827
0.587785
0.125333
-0.368125
-0.770513
-0.982287
-0.951057
-0.684547
-0.24869
0.24869
0.684547
0.951057
0.982287
0.770513
0.368125
-0.125333
-0.587785
-0.904827
-0.998027
-0.844328
-0.481754
