0
0.844328
0.904827
0.125333
-0.770513
-0.951057
-0.24869
0.684547
0.982287
0.368125
-0.587785
-0.998027
-0.481754
0.481754
0.998027
0.587785
-0.368125
-0.982287
-0.684547
0.24869
0.951057
0.770513
-0.125333
-0.904827
-0.844328
1.65103e-12
0.844328
0.904827
0.125333
-0.770513
-0.951057
-0.24869
0.684547
0.982287
0.368125
-0.587785
-0.998027
-0.481754
0.481754
0.998027
0.587785
-0.368125
-0.982287
-0.684547
0.24869
0.951057
0.770513
-0.125333
-0.904827
-0.844328
3.30206e-12
0.844328
0.904827
0.125333
-0.770513
-0.951057
-0.24869
0.684547
0.982287
0.368125
-0.587785
-0.998027
-0.481754
0.481754
0.998027
0.587785
-0.368125
-0.982287
-0.684547
0.24869
0.951057
0.770513
-0.125333
-0.904827
-0.844328
4.95665e-12
0.844328
0.904827
0.125333
-0.770513
-0.951057
-0.24869
0.684547
0.982287
0.368125
-0.587785
-0.998027
-0.481754
0.481754
0.998027
0.587785
-0.368125
-0.982287
-0.684547
0.24869
0.951057
0.770513
-0.125333
-0.904827
-0.844328
6.60413e-12
0.844328
0.904827
0.125333
-0.770513
-0.951057
-0.24869
0.684547
0.982287
0.368125
-0.587785
-0.998027
-0.481754
0.481754
0.998027
0.587785
-0.368125
-0.982287
-0.684547
0.24869
0.951057
0.770513
-0.125333
-0.904827
-0.844328
8.26582e-12
0.844328
0.904827
0.125333
-0.770513
-0.951057
-0.24869
0.684547
0.982287
0.368125
-0.587785
-0.998027
-0.481754
0.481754
0.998027
0.587785
-0.368125
-0.982287
-0.684547
0.24869
0.951057
0.770513
-0.125333
-0.904827
-0.844328
9.9133e-12
0.844328
0.904827
0.125333
-0.770513
-0.951057
-0.24869
0.684547
0.982287
0.368125
-0.587785
-0.998027
-0.481754
0.481754
0.998027
0.587785
-0.368125
-0.982287
-0.684547
0.24869
0.951057
0.770513
-0.125333
-0.904827
-0.844328
1.15608e-11
0.844328
0.904827
0.125333
-0.770513
-0.951057
-0.24869
0.684547
0.982287
0.368125
-0.587785
-0.998027
-0.481754
0.481754
0.998027
0.587785
-0.368125
-0.982287
-0.684547
0.24869
0.951057
0.770513
-0.125333
-0.904827
-0.844328
9.9133e-12
0.684547
0.998027
0.770513
0.125333
-0.587785
-0.982287
-0.844328
-0.24869
0.481754
0.951057
0.904827
0.368125
-0.368125
-0.904827
-0.951057
-0.481754
0.24869
0.844328
0.982287
0.587785
-0.125333
-0.770513
-0.998027
-0.684547
1.11844e-11
0.684547
0.998027
0.770513
0.125333
-0.587785
-0.982287
-0.844328
-0.24869
0.481754
0.951057
0.904827
0.368125
-0.368125
-0.904827
-0.951057
-0.481754
0.24869
0.844328
0.982287
0.587785
-0.125333
-0.770513
-0.998027
-0.684547
1.23987e-11
0.684547
0.998027
0.770513
0.125333
-0.587785
-0.982287
-0.844328
-0.24869
0.481754
0.951057
0.904827
0.368125
-0.368125
-0.904827
-0.951057
-0.481754
0.24869
0.844328
0.982287
0.587785
-0.125333
-0.770513
-0.998027
-0.684547
1.36414e-11
0.684547
0.998027
0.770513
0.125333
-0.587785
-0.982287
-0.844328
-0.24869
0.481754
0.951057
0.904827
0.368125
-0.368125
-0.904827
-0.951057
-0.481754
0.24869
0.844328
0.982287
0.587785
-0.125333
-0.770513
-0.998027
-0.684547
1.48842e-11
0.684547
0.998027
0.770513
0.125333
-0.587785
-0.982287
-0.844328
-0.24869
0.481754
0.951057
0.904827
0.368125
-0.368125
-0.904827
-0.951057
-0.481754
0.24869
0.844328
0.982287
0.587785
-0.125333
-0.770513
-0.998027
-0.684547
1.61269e-11
0.684547
0.998027
0.770513
0.125333
-0.587785
-0.982287
-0.844328
-0.24869
0.481754
0.951057
0.904827
0.368125
-0.368125
-0.904827
-0.951057
-0.481754
0.24869
0.844328
0.982287
0.587785
-0.125333
-0.770513
-0.998027
-0.684547
1.7398e-11
0.684547
0.998027
0.770513
0.125333
-0.587785
-0.982287
-0.844328
-0.24869
0.481754
0.951057
0.904827
0.368125
-0.368125
-0.904827
-0.951057
-0.481754
0.24869
0.844328
0.982287
0.587785
-0.125333
-0.770513
-0.998027
-0.684547
1.85839e-11
0.684547
0.998027
0.770513
0.125333
-0.587785
-0.982287
-0.844328
-0.24869
0.481754
0.951057
0.904827
0.368125
-0.368125
-0.904827
-0.951057
-0.481754
0.24869
0.844328
0.982287
0.587785
-0.125333
-0.770513
-0.998027
-0.684547
1.98266e-11
0.684547
0.998027
0.770513
0.125333
-0.587785
-0.982287
-0.844328
-0.24869
0.481754
0.951057
0.904827
0.368125
-0.368125
-0.904827
-0.951057
-0.481754
0.24869
0.844328
0.982287
0.587785
-0.125333
-0.770513
-0.998027
-0.684547
2.10693e-11
0.684547
0.998027
0.770513
0.125333
-0.587785
-0.982287
-0.844328
-0.24869
0.481754
0.951057
0.904827
0.368125
-0.368125
-0.904827
-0.951057
-0.481754
0.24869
0.844328
0.982287
0.587785
-0.125333
-0.770513
-0.998027
-0.684547
2.23689e-11
0.684547
0.998027
0.770513
0.125333
-0.587785
-0.982287
-0.844328
-0.24869
0.481754
0.951057
0.904827
0.368125
-0.368125
-0.904827
-0.951057
-0.481754
0.24869
0.844328
0.982287
0.587785
-0.125333
-0.770513
-0.998027
-0.684547
2.35547e-11
0.684547
0.998027
0.770513
0.125333
-0.587785
-0.982287
-0.844328
-0.24869
0.481754
0.951057
0.904827
0.368125
-0.368125
-0.904827
-0.951057
-0.481754
0.24869
0.844328
0.982287
0.587785
-0.125333
-0.770513
-0.998027
-0.684547
2.47975e-11
0.684547
0.998027
0.770513
0.125333
-0.587785
-0.982287
-0.844328
-0.24869
0.481754
0.951057
0.904827
0.368125
-0.368125
-0.904827
-0.951057
-0.481754
0.24869
0.844328
0.982287
0.587785
-0.125333
-0.770513
-0.998027
-0.684547
2.60402e-11
0.684547
0.998027
0.770513
0.125333
-0.587785
-0.982287
-0.844328
-0.24869
0.481754
0.951057
0.904827
0.368125
-0.368125
-0.904827
-0.951057
-0.481754
0.24869
0.844328
0.982287
0.587785
-0.125333
-0.770513
-0.998027
-0.684547
2.72829e-11
0.684547
0.998027
0.770513
0.125333
-0.587785
-0.982287
-0.844328
-0.24869
0.481754
0.951057
0.904827
0.368125
-0.368125
-0.904827
-0.951057
-0.481754
0.24869
0.844328
0.982287
0.587785
-0.125333
-0.770513
-0.998027
-0.684547
2.84688e-11
0.684547
0.998027
0.770513
0.125333
-0.587785
-0.982287
-0.844328
-0.24869
0.481754
0.951057
0.904827
0.368125
-0.368125
-0.904827
-0.951057
-0.481754
0.24869
0.844328
0.982287
0.587785
-0.125333
-0.770513
-0.998027
-0.684547
2.97683e-11
0.684547
0.998027
0.770513
0.125333
-0.587785
-0.982287
-0.844328
-0.24869
0.481754
0.951057
0.904827
0.368125
-0.368125
-0.904827
-0.951057
-0.481754
0.24869
0.844328
0.982287
0.587785
-0.125333
-0.770513
-0.998027
-0.684547
3.1011e-11
0.684547
0.998027
0.770513
0.125333
-0.587785
-0.982287
-0.844328
-0.24869
0.481754
0.951057
0.904827
0.368125
-0.368125
-0.904827
-0.951057
-0.481754
0.24869
0.844328
0.982287
0.587785
-0.125333
-0.770513
-0.998027
-0.684547
3.22537e-11
0.684547
0.998027
0.770513
0.125333
-0.587785
-0.982287
-0.844328
-0.24869
0.481754
0.951057
0.904827
0.368125
-0.368125
-0.904827
-0.951057
-0.481754
0.24869
0.844328
0.982287
0.587785
-0.125333
-0.770513
-0.998027
-0.684547
3.34396e-11
0.684547
0.998027
0.770513
0.125333
-0.587785
-0.982287
-0.844328
-0.24869
0.481754
0.951057
0.904827
0.368125
-0.368125
-0.904827
-0.951057
-0.481754
0.24869
0.844328
0.982287
0.587785
-0.125333
-0.770513
-0.998027
-0.684547
3.4796e-11
0.684547
0.998027
0.770513
0.125333
-0.587785
-0.982287
-0.844328
-0.24869
0.481754
0.951057
0.904827
0.368125
-0.368125
-0.904827
-0.951057
-0.481754
0.24869
0.844328
0.982287
0.587785
-0.125333
-0.770513
-0.998027
-0.684547
3.58682e-11
0.684547
0.998027
0.770513
0.125333
-0.587785
-0.982287
-0.844328
-0.24869
0.481754
0.951057
0.904827
0.368125
-0.368125
-0.904827
-0.951057
-0.481754
0.24869
0.844328
0.982287
0.587785
-0.125333
-0.770513
-0.998027
-0.684547
3.71678e-11
0.684547
0.998027
0.770513
0.125333
-0.587785
-0.982287
-0.844328
-0.24869
0.481754
0.951057
0.904827
0.368125
-0.368125
-0.904827
-0.951057
-0.481754
0.24869
0.844328
0.982287
0.587785
-0.125333
-0.770513
-0.998027
-0.684547
3.84673e-11
0.684547
0.998027
0.770513
0.125333
-0.587785
-0.982287
-0.844328
-0.24869
0.481754
0.951057
0.904827
0.368125
-0.368125
-0.904827
-0.951057
-0.481754
0.24869
0.844328
0.982287
0.587785
-0.125333
-0.770513
-0.998027
-0.684547
3.96532e-11
0.684547
0.998027
0.770513
0.125333
-0.587785
-0.982287
-0.844328
-0.24869
0.481754
0.951057
0.904827
0.368125
-0.368125
-0.904827
-0.951057
-0.481754
0.24869
0.844328
0.982287
0.587785
-0.125333
-0.770513
-0.998027
-0.684547
4.09528e-11
0.684547
0.998027
0.770513
0.125333
-0.587785
-0.982287
-0.844328
-0.24869
0.481754
0.951057
0.904827
0.368125
-0.368125
-0.904827
-0.951057
-0.481754
0.24869
0.844328
0.982287
0.587785
-0.125333
-0.770513
-0.998027
-0.684547
4.21386e-11
0.684547
0.998027
0.770513
0.125333
-0.587785
-0.982287
-0.844328
-0.24869
0.481754
0.951057
0.904827
0.368125
-0.368125
-0.904827
-0.951057
-0.481754
0.24869
0.844328
0.982287
0.587785
-0.125333
-0.770513
-0.998027
-0.684547
4.34382e-11
0.684547
0.998027
0.770513
0.125333
-0.587785
-0.982287
-0.844328
-0.24869
0.481754
0.951057
0.904827
0.368125
-0.368125
-0.904827
-0.951057
-0.481754
0.24869
0.844328
0.982287
0.587785
-0.125333
-0.770513
-0.998027
-0.684547
4.47377e-11
0.684547
0.998027
0.770513
0.125333
-0.587785
-0.982287
-0.844328
-0.24869
0.481754
0.951057
0.904827
0.368125
-0.368125
-0.904827
-0.951057
-0.481754
0.24869
0.844328
0.982287
0.587785
-0.125333
-0.770513
-0.998027
-0.684547
4.58099e-11
0.684547
0.998027
0.770513
0.125333
-0.587785
-0.982287
-0.844328
-0.24869
0.481754
0.951057
0.904827
0.368125
-0.368125
-0.904827
-0.951057
-0.481754
0.24869
0.844328
0.982287
0.587785
-0.125333
-0.770513
-0.998027
-0.684547
4.71095e-11
0.684547
0.998027
0.770513
0.125333
-0.587785
-0.982287
-0.844328
-0.24869
0.481754
0.951057
0.904827
0.368125
-0.368125
-0.904827
-0.951057
-0.481754
0.24869
0.844328
0.982287
0.587785
-0.125333
-0.770513
-0.998027
-0.684547
4.82954e-11
0.684547
0.998027
0.770513
0.125333
-0.587785
-0.982287
-0.844328
-0.24869
0.481754
0.951057
0.904827
0.368125
-0.368125
-0.904827
-0.951057
-0.481754
0.24869
0.844328
0.982287
0.587785
-0.125333
-0.770513
-0.998027
-0.684547
4.95949e-11
0.684547
0.998027
0.770513
0.125333
-0.587785
-0.982287
-0.844328
-0.24869
0.481754
0.951057
0.904827
0.368125
-0.368125
-0.904827
-0.951057
-0.481754
0.24869
0.844328
0.982287
0.587785
-0.125333
-0.770513
-0.998027
-0.684547
5.07808e-11
0.684547
0.998027
0.770513
0.125333
-0.587785
-0.982287
-0.844328
-0.24869
0.481754
0.951057
0.904827
0.368125
-0.368125
-0.904827
-0.951057
-0.481754
0.24869
0.844328
0.982287
0.587785
-0.125333
-0.770513
-0.998027
-0.684547
5.20803e-11
0.684547
0.998027
0.770513
0.125333
-0.587785
-0.982287
-0.844328
-0.24869
0.481754
0.951057
0.904827
0.368125
-0.368125
-0.904827
-0.951057
-0.481754
0.24869
0.844328
0.982287
0.587785
-0.125333
-0.770513
-0.998027
-0.684547
5.33799e-11
0.684547
0.998027
0.770513
0.125333
-0.587785
-0.982287
-0.844328
-0.24869
0.481754
0.951057
0.904827
0.368125
-0.368125
-0.904827
-0.951057
-0.481754
0.24869
0.844328
0.982287
0.587785
-0.125333
-0.770513
-0.998027
-0.684547
5.45658e-11
0.684547
0.998027
0.770513
0.125333
-0.587785
-0.982287
-0.844328
-0.24869
0.481754
0.951057
0.904827
0.368125
-0.368125
-0.904827
-0.951057
-0.481754
0.24869
0.844328
0.982287
0.587785
-0.125333
-0.770513
-0.998027
-0.684547
5.58653e-11
0.684547
0.998027
0.770513
0.125333
-0.587785
-0.982287
-0.844328
-0.24869
0.481754
0.951057
0.904827
0.368125
-0.368125
-0.904827
-0.951057
-0.481754
0.24869
0.844328
0.982287
0.587785
-0.125333
-0.770513
-0.998027
-0.684547
5.69375e-11
0.684547
0.998027
0.770513
0.125333
-0.587785
-0.982287
-0.844328
-0.24869
0.481754
0.951057
0.904827
0.368125
-0.368125
-0.904827
-0.951057
-0.481754
0.24869
0.844328
0.982287
0.587785
-0.125333
-0.770513
-0.998027
-0.684547
5.82371e-11
0.684547
0.998027
0.770513
0.125333
-0.587785
-0.982287
-0.844328
-0.24869
0.481754
0.951057
0.904827
0.368125
-0.368125
-0.904827
-0.951057
-0.481754
0.24869
0.844328
0.982287
0.587785
-0.125333
-0.770513
-0.998027
-0.684547
7.93064e-11
0.844328
0.904827
0.125333
-0.770513
-0.951057
-0.24869
0.684547
0.982287
0.368125
-0.587785
-0.998027
-0.481754
0.481754
0.998027
0.587785
-0.368125
-0.982287
-0.684547
0.24869
0.951057
0.770513
-0.125333
-0.904827
-0.844328
8.08118e-11
0.844328
0.904827
0.125333
-0.770513
-0.951057
-0.24869
0.684547
0.982287
0.368125
-0.587785
-0.998027
-0.481754
0.481754
0.998027
0.587785
-0.368125
-0.982287
-0.684547
0.24869
0.951057
0.770513
-0.125333
-0.904827
-0.844328
8.27719e-11
0.844328
0.904827
0.125333
-0.770513
-0.951057
-0.24869
0.684547
0.982287
0.368125
-0.587785
-0.998027
-0.481754
0.481754
0.998027
0.587785
-0.368125
-0.982287
-0.684547
0.24869
0.951057
0.770513
-0.125333
-0.904827
-0.844328
8.42772e-11
0.844328
0.904827
0.125333
-0.770513
-0.951057
-0.24869
0.684547
0.982287
0.368125
-0.587785
-0.998027
-0.481754
0.481754
0.998027
0.587785
-0.368125
-0.982287
-0.684547
0.24869
0.951057
0.770513
-0.125333
-0.904827
-0.844328
8.601e-11
0.844328
0.904827
0.125333
-0.770513
-0.951057
-0.24869
0.684547
0.982287
0.368125
-0.587785
-0.998027
-0.481754
0.481754
0.998027
0.587785
-0.368125
-0.982287
-0.684547
0.24869
0.951057
0.770513
-0.125333
-0.904827
-0.844328
8.75154e-11
0.844328
0.904827
0.125333
-0.770513
-0.951057
-0.24869
0.684547
0.982287
0.368125
-0.587785
-0.998027
-0.481754
0.481754
0.998027
0.587785
-0.368125
-0.982287
-0.684547
0.24869
0.951057
0.770513
-0.125333
-0.904827
-0.844328
8.94755e-11
0.844328
0.904827
0.125333
-0.770513
-0.951057
-0.24869
0.684547
0.982287
0.368125
-0.587785
-0.998027
-0.481754
0.481754
0.998027
0.587785
-0.368125
-0.982287
-0.684547
0.24869
0.951057
0.770513
-0.125333
-0.904827
-0.844328
9.09809e-11
0.844328
0.904827
0.125333
-0.770513
-0.951057
-0.24869
0.684547
0.982287
0.368125
-0.587785
-0.998027
-0.481754
0.481754
0.998027
0.587785
-0.368125
-0.982287
-0.684547
0.24869
0.951057
0.770513
-0.125333
-0.904827
-0.844328
9.24862e-11
0.844328
0.904827
0.125333
-0.770513
-0.951057
-0.24869
0.684547
0.982287
0.368125
-0.587785
-0.998027
-0.481754
0.481754
0.998027
0.587785
-0.368125
-0.982287
-0.684547
0.24869
0.951057
0.770513
-0.125333
-0.904827
-0.844328
9.4219e-11
0.844328
0.904827
0.125333
-0.770513
-0.951057
-0.24869
0.684547
0.982287
0.368125
-0.587785
-0.998027
-0.481754
0.481754
0.998027
0.587785
-0.368125
-0.982287
-0.684547
0.24869
0.951057
0.770513
-0.125333
-0.904827
-0.844328
9.59517e-11
0.844328
0.904827
0.125333
-0.770513
-0.951057
-0.24869
0.684547
0.982287
0.368125
-0.587785
-0.998027
-0.481754
0.481754
0.998027
0.587785
-0.368125
-0.982287
-0.684547
0.24869
0.951057
0.770513
-0.125333
-0.904827
-0.844328
9.74571e-11
0.844328
0.904827
0.125333
-0.770513
-0.951057
-0.24869
0.684547
0.982287
0.368125
-0.587785
-0.998027
-0.481754
0.481754
0.998027
0.587785
-0.368125
-0.982287
-0.684547
0.24869
0.951057
0.770513
-0.125333
-0.904827
-0.844328
9.91898e-11
0.844328
0.904827
0.125333
-0.770513
-0.951057
-0.24869
0.684547
0.982287
0.368125
-0.587785
-0.998027
-0.481754
0.481754
0.998027
0.587785
-0.368125
-0.982287
-0.684547
0.24869
0.951057
0.770513
-0.125333
-0.904827
-0.844328
1.00695e-10
0.844328
0.904827
0.125333
-0.770513
-0.951057
-0.24869
0.684547
0.982287
0.368125
-0.587785
-0.998027
-0.481754
0.481754
0.998027
0.587785
-0.368125
-0.982287
-0.684547
0.24869
0.951057
0.770513
-0.125333
-0.904827
-0.844328
1.02655e-10
0.844328
0.904827
0.125333
-0.770513
-0.951057
-0.24869
0.684547
0.982287
0.368125
-0.587785
-0.998027
-0.481754
0.481754
0.998027
0.587785
-0.368125
-0.982287
-0.684547
0.24869
0.951057
0.770513
-0.125333
-0.904827
-0.844328
1.04161e-10
0.844328
0.904827
0.125333
-0.770513
-0.951057
-0.24869
0.684547
0.982287
0.368125
-0.587785
-0.998027
-0.481754
0.481754
0.998027
0.587785
-0.368125
-0.982287
-0.684547
0.24869
0.951057
0.770513
-0.125333
-0.904827
-0.844328
1.05666e-10
0.844328
0.904827
0.125333
-0.770513
-0.951057
-0.24869
0.684547
0.982287
0.368125
-0.587785
-0.998027
-0.481754
0.481754
0.998027
0.587785
-0.368125
-0.982287
-0.684547
0.24869
0.951057
0.770513
-0.125333
-0.904827
-0.844328
1.07399e-10
0.844328
0.904827
0.125333
-0.770513
-0.951057
-0.24869
0.684547
0.982287
0.368125
-0.587785
-0.998027
-0.481754
0.481754
0.998027
0.587785
-0.368125
-0.982287
-0.684547
0.24869
0.951057
0.770513
-0.125333
-0.904827
-0.844328
1.09132e-10
0.844328
0.904827
0.125333
-0.770513
-0.951057
-0.24869
0.684547
0.982287
0.368125
-0.587785
-0.998027
-0.481754
0.481754
0.998027
0.587785
-0.368125
-0.982287
-0.684547
0.24869
0.951057
0.770513
-0.125333
-0.904827
-0.844328
1.10864e-10
0.844328
0.904827
0.125333
-0.770513
-0.951057
-0.24869
0.684547
0.982287
0.368125
-0.587785
-0.998027
-0.481754
0.481754
0.998027
0.587785
-0.368125
-0.982287
-0.684547
0.24869
0.951057
0.770513
-0.125333
-0.904827
-0.844328
1.1237e-10
0.844328
0.904827
0.125333
-0.770513
-0.951057
-0.24869
0.684547
0.982287
0.368125
-0.587785
-0.998027
-0.481754
0.481754
0.998027
0.587785
-0.368125
-0.982287
-0.684547
0.24869
0.951057
0.770513
-0.125333
-0.904827
-0.844328
1.13875e-10
0.844328
0.904827
0.125333
-0.770513
-0.951057
-0.24869
0.684547
0.982287
0.368125
-0.587785
-0.998027
-0.481754
0.481754
0.998027
0.587785
-0.368125
-0.982287
-0.684547
0.24869
0.951057
0.770513
-0.125333
-0.904827
-0.844328
1.15835e-10
0.844328
0.904827
0.125333
-0.770513
-0.951057
-0.24869
0.684547
0.982287
0.368125
-0.587785
-0.998027
-0.481754
0.481754
0.998027
0.587785
-0.368125
-0.982287
-0.684547
0.24869
0.951057
0.770513
-0.125333
-0.904827
-0.844328
1.17341e-10
0.844328
0.904827
0.125333
-0.770513
-0.951057
-0.24869
0.684547
0.982287
0.368125
-0.587785
-0.998027
-0.481754
0.481754
0.998027
0.587785
-0.368125
-0.982287
-0.684547
0.24869
0.951057
0.770513
-0.125333
-0.904827
-0.844328
8.94755e-11
0.684547
0.998027
0.770513
0.125333
-0.587785
-0.982287
-0.844328
-0.24869
0.481754
0.951057
0.904827
0.368125
-0.368125
-0.904827
-0.951057
-0.481754
0.24869
0.844328
0.982287
0.587785
-0.125333
-0.770513
-0.998027
-0.684547
9.05477e-11
0.684547
0.998027
0.770513
0.125333
-0.587785
-0.982287
-0.844328
-0.24869
0.481754
0.951057
0.904827
0.368125
-0.368125
-0.904827
-0.951057
-0.481754
0.24869
0.844328
0.982287
0.587785
-0.125333
-0.770513
-0.998027
-0.684547
9.16198e-11
0.684547
0.998027
0.770513
0.125333
-0.587785
-0.982287
-0.844328
-0.24869
0.481754
0.951057
0.904827
0.368125
-0.368125
-0.904827
-0.951057
-0.481754
0.24869
0.844328
0.982287
0.587785
-0.125333
-0.770513
-0.998027
-0.684547
9.29194e-11
0.684547
0.998027
0.770513
0.125333
-0.587785
-0.982287
-0.844328
-0.24869
0.481754
0.951057
0.904827
0.368125
-0.368125
-0.904827
-0.951057
-0.481754
0.24869
0.844328
0.982287
0.587785
-0.125333
-0.770513
-0.998027
-0.684547
9.4219e-11
0.684547
0.998027
0.770513
0.125333
-0.587785
-0.982287
-0.844328
-0.24869
0.481754
0.951057
0.904827
0.368125
-0.368125
-0.904827
-0.951057
-0.481754
0.24869
0.844328
0.982287
0.587785
-0.125333
-0.770513
-0.998027
-0.684547
9.55185e-11
0.684547
0.998027
0.770513
0.125333
-0.587785
-0.982287
-0.844328
-0.24869
0.481754
0.951057
0.904827
0.368125
-0.368125
-0.904827
-0.951057
-0.481754
0.24869
0.844328
0.982287
0.587785
-0.125333
-0.770513
-0.998027
-0.684547
9.65907e-11
0.684547
0.998027
0.770513
0.125333
-0.587785
-0.982287
-0.844328
-0.24869
0.481754
0.951057
0.904827
0.368125
-0.368125
-0.904827
-0.951057
-0.481754
0.24869
0.844328
0.982287
0.587785
-0.125333
-0.770513
-0.998027
-0.684547
9.81176e-11
0.684547
0.998027
0.770513
0.125333
-0.587785
-0.982287
-0.844328
-0.24869
0.481754
0.951057
0.904827
0.368125
-0.368125
-0.904827
-0.951057
-0.481754
0.24869
0.844328
0.982287
0.587785
-0.125333
-0.770513
-0.998027
-0.684547
