0
4.81754
8.44328
9.98027
9.04827
5.87785
1.25333
-3.68125
-7.70513
-9.82287
-9.51057
-6.84547
-2.4869
2.4869
6.84547
9.51057
9.82287
7.70513
3.68125
-1.25333
-5.87785
-9.04827
-9.98027
-8.44328
-4.81754
8.25516e-12
4.81754
8.44328
9.98027
9.04827
5.87785
1.25333
-3.68125
-7.70513
-9.82287
-9.51057
-6.84547
-2.4869
2.4869
6.84547
9.51057
9.82287
7.70513
3.68125
-1.25333
-5.87785
-9.04827
-9.98027
-8.44328
-4.81754
1.65103e-11
4.81754
8.44328
9.98027
9.04827
5.87785
1.25333
-3.68125
-7.70513
-9.82287
-9.51057
-6.84547
-2.4869
2.4869
6.84547
9.51057
9.82287
7.70513
3.68125
-1.25333
-5.87785
-9.04827
-9.98027
-8.44328
-4.81754
2.47832e-11
4.81754
8.44328
9.98027
9.04827
5.87785
1.25333
-3.68125
-7.70513
-9.82287
-9.51057
-6.84547
-2.4869
2.4869
6.84547
9.51057
9.82287
7.70513
3.68125
-1.25333
-5.87785
-9.04827
-9.98027
-8.44328
-4.81754
3.30206e-11
4.81754
8.44328
9.98027
9.04827
5.87785
1.25333
-3.68125
-7.70513
-9.82287
-9.51057
-6.84547
-2.4869
2.4869
6.84547
9.51057
9.82287
7.70513
3.68125
-1.25333
-5.87785
-9.04827
-9.98027
-8.44328
-4.81754
4.13291e-11
4.81754
8.44328
9.98027
9.04827
5.87785
1.25333
-3.68125
-7.70513
-9.82287
-9.51057
-6.84547
-2.4869
2.4869
6.84547
9.51057
9.82287
7.70513
3.68125
-1.25333
-5.87785
-9.04827
-9.98027
-8.44328
-4.81754
4.95665e-11
4.81754
8.44328
9.98027
9.04827
5.87785
1.25333
-3.68125
-7.70513
-9.82287
-9.51057
-6.84547
-2.4869
2.4869
6.84547
9.51057
9.82287
7.70513
3.68125
-1.25333
-5.87785
-9.04827
-9.98027
-8.44328
-4.81754
5.78039e-11
4.81754
8.44328
9.98027
9.04827
5.87785
1.25333
-3.68125
-7.70513
-9.82287
-9.51057
-6.84547
-2.4869
2.4869
6.84547
9.51057
9.82287
7.70513
3.68125
-1.25333
-5.87785
-9.04827
-9.98027
-8.44328
-4.81754
6.60413e-12
0.481754
0.844328
0.998027
0.904827
0.587785
0.125333
-0.368125
-0.770513
-0.982287
-0.951057
-0.684547
-0.24869
0.24869
0.684547
0.951057
0.982287
0.770513
0.368125
-0.125333
-0.587785
-0.904827
-0.998027
-0.844328
-0.481754
7.44208e-12
0.481754
0.844328
0.998027
0.904827
0.587785
0.125333
-0.368125
-0.770513
-0.982287
-0.951057
-0.684547
-0.24869
0.24869
0.684547
0.951057
0.982287
0.770513
0.368125
-0.125333
-0.587785
-0.904827
-0.998027
-0.844328
-0.481754
8.26582e-12
0.481754
0.844328
0.998027
0.904827
0.587785
0.125333
-0.368125
-0.770513
-0.982287
-0.951057
-0.684547
-0.24869
0.24869
0.684547
0.951057
0.982287
0.770513
0.368125
-0.125333
-0.587785
-0.904827
-0.998027
-0.844328
-0.481754
9.10377e-12
0.481754
0.844328
0.998027
0.904827
0.587785
0.125333
-0.368125
-0.770513
-0.982287
-0.951057
-0.684547
-0.24869
0.24869
0.684547
0.951057
0.982287
0.770513
0.368125
-0.125333
-0.587785
-0.904827
-0.998027
-0.844328
-0.481754
9.9133e-12
0.481754
0.844328
0.998027
0.904827
0.587785
0.125333
-0.368125
-0.770513
-0.982287
-0.951057
-0.684547
-0.24869
0.24869
0.684547
0.951057
0.982287
0.770513
0.368125
-0.125333
-0.587785
-0.904827
-0.998027
-0.844328
-0.481754
1.07512e-11
0.481754
0.844328
0.998027
0.904827
0.587785
0.125333
-0.368125
-0.770513
-0.982287
-0.951057
-0.684547
-0.24869
0.24869
0.684547
0.951057
0.982287
0.770513
0.368125
-0.125333
-0.587785
-0.904827
-0.998027
-0.844328
-0.481754
1.15608e-11
0.481754
0.844328
0.998027
0.904827
0.587785
0.125333
-0.368125
-0.770513
-0.982287
-0.951057
-0.684547
-0.24869
0.24869
0.684547
0.951057
0.982287
0.770513
0.368125
-0.125333
-0.587785
-0.904827
-0.998027
-0.844328
-0.481754
1.23987e-11
0.481754
0.844328
0.998027
0.904827
0.587785
0.125333
-0.368125
-0.770513
-0.982287
-0.951057
-0.684547
-0.24869
0.24869
0.684547
0.951057
0.982287
0.770513
0.368125
-0.125333
-0.587785
-0.904827
-0.998027
-0.844328
-0.481754
1.32083e-11
0.481754
0.844328
0.998027
0.904827
0.587785
0.125333
-0.368125
-0.770513
-0.982287
-0.951057
-0.684547
-0.24869
0.24869
0.684547
0.951057
0.982287
0.770513
0.368125
-0.125333
-0.587785
-0.904827
-0.998027
-0.844328
-0.481754
1.40462e-11
0.481754
0.844328
0.998027
0.904827
0.587785
0.125333
-0.368125
-0.770513
-0.982287
-0.951057
-0.684547
-0.24869
0.24869
0.684547
0.951057
0.982287
0.770513
0.368125
-0.125333
-0.587785
-0.904827
-0.998027
-0.844328
-0.481754
1.48842e-11
0.481754
0.844328
0.998027
0.904827
0.587785
0.125333
-0.368125
-0.770513
-0.982287
-0.951057
-0.684547
-0.24869
0.24869
0.684547
0.951057
0.982287
0.770513
0.368125
-0.125333
-0.587785
-0.904827
-0.998027
-0.844328
-0.481754
1.56937e-11
0.481754
0.844328
0.998027
0.904827
0.587785
0.125333
-0.368125
-0.770513
-0.982287
-0.951057
-0.684547
-0.24869
0.24869
0.684547
0.951057
0.982287
0.770513
0.368125
-0.125333
-0.587785
-0.904827
-0.998027
-0.844328
-0.481754
1.65316e-11
0.481754
0.844328
0.998027
0.904827
0.587785
0.125333
-0.368125
-0.770513
-0.982287
-0.951057
-0.684547
-0.24869
0.24869
0.684547
0.951057
0.982287
0.770513
0.368125
-0.125333
-0.587785
-0.904827
-0.998027
-0.844328
-0.481754
1.7398e-11
0.481754
0.844328
0.998027
0.904827
0.587785
0.125333
-0.368125
-0.770513
-0.982287
-0.951057
-0.684547
-0.24869
0.24869
0.684547
0.951057
0.982287
0.770513
0.368125
-0.125333
-0.587785
-0.904827
-0.998027
-0.844328
-0.481754
1.82075e-11
0.481754
0.844328
0.998027
0.904827
0.587785
0.125333
-0.368125
-0.770513
-0.982287
-0.951057
-0.684547
-0.24869
0.24869
0.684547
0.951057
0.982287
0.770513
0.368125
-0.125333
-0.587785
-0.904827
-0.998027
-0.844328
-0.481754
1.90171e-11
0.481754
0.844328
0.998027
0.904827
0.587785
0.125333
-0.368125
-0.770513
-0.982287
-0.951057
-0.684547
-0.24869
0.24869
0.684547
0.951057
0.982287
0.770513
0.368125
-0.125333
-0.587785
-0.904827
-0.998027
-0.844328
-0.481754
1.98266e-11
0.481754
0.844328
0.998027
0.904827
0.587785
0.125333
-0.368125
-0.770513
-0.982287
-0.951057
-0.684547
-0.24869
0.24869
0.684547
0.951057
0.982287
0.770513
0.368125
-0.125333
-0.587785
-0.904827
-0.998027
-0.844328
-0.481754
2.0693e-11
0.481754
0.844328
0.998027
0.904827
0.587785
0.125333
-0.368125
-0.770513
-0.982287
-0.951057
-0.684547
-0.24869
0.24869
0.684547
0.951057
0.982287
0.770513
0.368125
-0.125333
-0.587785
-0.904827
-0.998027
-0.844328
-0.481754
2.15025e-11
0.481754
0.844328
0.998027
0.904827
0.587785
0.125333
-0.368125
-0.770513
-0.982287
-0.951057
-0.684547
-0.24869
0.24869
0.684547
0.951057
0.982287
0.770513
0.368125
-0.125333
-0.587785
-0.904827
-0.998027
-0.844328
-0.481754
2.23689e-11
0.481754
0.844328
0.998027
0.904827
0.587785
0.125333
-0.368125
-0.770513
-0.982287
-0.951057
-0.684547
-0.24869
0.24869
0.684547
0.951057
0.982287
0.770513
0.368125
-0.125333
-0.587785
-0.904827
-0.998027
-0.844328
-0.481754
2.31216e-11
0.481754
0.844328
0.998027
0.904827
0.587785
0.125333
-0.368125
-0.770513
-0.982287
-0.951057
-0.684547
-0.24869
0.24869
0.684547
0.951057
0.982287
0.770513
0.368125
-0.125333
-0.587785
-0.904827
-0.998027
-0.844328
-0.481754
2.39879e-11
0.481754
0.844328
0.998027
0.904827
0.587785
0.125333
-0.368125
-0.770513
-0.982287
-0.951057
-0.684547
-0.24869
0.24869
0.684547
0.951057
0.982287
0.770513
0.368125
-0.125333
-0.587785
-0.904827
-0.998027
-0.844328
-0.481754
2.47975e-11
0.481754
0.844328
0.998027
0.904827
0.587785
0.125333
-0.368125
-0.770513
-0.982287
-0.951057
-0.684547
-0.24869
0.24869
0.684547
0.951057
0.982287
0.770513
0.368125
-0.125333
-0.587785
-0.904827
-0.998027
-0.844328
-0.481754
2.56638e-11
0.481754
0.844328
0.998027
0.904827
0.587785
0.125333
-0.368125
-0.770513
-0.982287
-0.951057
-0.684547
-0.24869
0.24869
0.684547
0.951057
0.982287
0.770513
0.368125
-0.125333
-0.587785
-0.904827
-0.998027
-0.844328
-0.481754
2.64165e-11
0.481754
0.844328
0.998027
0.904827
0.587785
0.125333
-0.368125
-0.770513
-0.982287
-0.951057
-0.684547
-0.24869
0.24869
0.684547
0.951057
0.982287
0.770513
0.368125
-0.125333
-0.587785
-0.904827
-0.998027
-0.844328
-0.481754
2.72829e-11
0.481754
0.844328
0.998027
0.904827
0.587785
0.125333
-0.368125
-0.770513
-0.982287
-0.951057
-0.684547
-0.24869
0.24869
0.684547
0.951057
0.982287
0.770513
0.368125
-0.125333
-0.587785
-0.904827
-0.998027
-0.844328
-0.481754
2.80924e-11
0.481754
0.844328
0.998027
0.904827
0.587785
0.125333
-0.368125
-0.770513
-0.982287
-0.951057
-0.684547
-0.24869
0.24869
0.684547
0.951057
0.982287
0.770513
0.368125
-0.125333
-0.587785
-0.904827
-0.998027
-0.844328
-0.481754
2.89588e-11
0.481754
0.844328
0.998027
0.904827
0.587785
0.125333
-0.368125
-0.770513
-0.982287
-0.951057
-0.684547
-0.24869
0.24869
0.684547
0.951057
0.982287
0.770513
0.368125
-0.125333
-0.587785
-0.904827
-0.998027
-0.844328
-0.481754
2.97683e-11
0.481754
0.844328
0.998027
0.904827
0.587785
0.125333
-0.368125
-0.770513
-0.982287
-0.951057
-0.684547
-0.24869
0.24869
0.684547
0.951057
0.982287
0.770513
0.368125
-0.125333
-0.587785
-0.904827
-0.998027
-0.844328
-0.481754
3.05778e-11
0.481754
0.844328
0.998027
0.904827
0.587785
0.125333
-0.368125
-0.770513
-0.982287
-0.951057
-0.684547
-0.24869
0.24869
0.684547
0.951057
0.982287
0.770513
0.368125
-0.125333
-0.587785
-0.904827
-0.998027
-0.844328
-0.481754
3.13874e-11
0.481754
0.844328
0.998027
0.904827
0.587785
0.125333
-0.368125
-0.770513
-0.982287
-0.951057
-0.684547
-0.24869
0.24869
0.684547
0.951057
0.982287
0.770513
0.368125
-0.125333
-0.587785
-0.904827
-0.998027
-0.844328
-0.481754
3.22537e-11
0.481754
0.844328
0.998027
0.904827
0.587785
0.125333
-0.368125
-0.770513
-0.982287
-0.951057
-0.684547
-0.24869
0.24869
0.684547
0.951057
0.982287
0.770513
0.368125
-0.125333
-0.587785
-0.904827
-0.998027
-0.844328
-0.481754
3.30633e-11
0.481754
0.844328
0.998027
0.904827
0.587785
0.125333
-0.368125
-0.770513
-0.982287
-0.951057
-0.684547
-0.24869
0.24869
0.684547
0.951057
0.982287
0.770513
0.368125
-0.125333
-0.587785
-0.904827
-0.998027
-0.844328
-0.481754
3.39296e-11
0.481754
0.844328
0.998027
0.904827
0.587785
0.125333
-0.368125
-0.770513
-0.982287
-0.951057
-0.684547
-0.24869
0.24869
0.684547
0.951057
0.982287
0.770513
0.368125
-0.125333
-0.587785
-0.904827
-0.998027
-0.844328
-0.481754
3.4796e-11
0.481754
0.844328
0.998027
0.904827
0.587785
0.125333
-0.368125
-0.770513
-0.982287
-0.951057
-0.684547
-0.24869
0.24869
0.684547
0.951057
0.982287
0.770513
0.368125
-0.125333
-0.587785
-0.904827
-0.998027
-0.844328
-0.481754
3.55487e-11
0.481754
0.844328
0.998027
0.904827
0.587785
0.125333
-0.368125
-0.770513
-0.982287
-0.951057
-0.684547
-0.24869
0.24869
0.684547
0.951057
0.982287
0.770513
0.368125
-0.125333
-0.587785
-0.904827
-0.998027
-0.844328
-0.481754
3.64151e-11
0.481754
0.844328
0.998027
0.904827
0.587785
0.125333
-0.368125
-0.770513
-0.982287
-0.951057
-0.684547
-0.24869
0.24869
0.684547
0.951057
0.982287
0.770513
0.368125
-0.125333
-0.587785
-0.904827
-0.998027
-0.844328
-0.481754
3.71678e-11
0.481754
0.844328
0.998027
0.904827
0.587785
0.125333
-0.368125
-0.770513
-0.982287
-0.951057
-0.684547
-0.24869
0.24869
0.684547
0.951057
0.982287
0.770513
0.368125
-0.125333
-0.587785
-0.904827
-0.998027
-0.844328
-0.481754
3.80341e-11
0.481754
0.844328
0.998027
0.904827
0.587785
0.125333
-0.368125
-0.770513
-0.982287
-0.951057
-0.684547
-0.24869
0.24869
0.684547
0.951057
0.982287
0.770513
0.368125
-0.125333
-0.587785
-0.904827
-0.998027
-0.844328
-0.481754
3.89005e-11
0.481754
0.844328
0.998027
0.904827
0.587785
0.125333
-0.368125
-0.770513
-0.982287
-0.951057
-0.684547
-0.24869
0.24869
0.684547
0.951057
0.982287
0.770513
0.368125
-0.125333
-0.587785
-0.904827
-0.998027
-0.844328
-0.481754
3.96532e-10
4.81754
8.44328
9.98027
9.04827
5.87785
1.25333
-3.68125
-7.70513
-9.82287
-9.51057
-6.84547
-2.4869
2.4869
6.84547
9.51057
9.82287
7.70513
3.68125
-1.25333
-5.87785
-9.04827
-9.98027
-8.44328
-4.81754
4.04059e-10
4.81754
8.44328
9.98027
9.04827
5.87785
1.25333
-3.68125
-7.70513
-9.82287
-9.51057
-6.84547
-2.4869
2.4869
6.84547
9.51057
9.82287
7.70513
3.68125
-1.25333
-5.87785
-9.04827
-9.98027
-8.44328
-4.81754
4.13859e-10
4.81754
8.44328
9.98027
9.04827
5.87785
1.25333
-3.68125
-7.70513
-9.82287
-9.51057
-6.84547
-2.4869
2.4869
6.84547
9.51057
9.82287
7.70513
3.68125
-1.25333
-5.87785
-9.04827
-9.98027
-8.44328
-4.81754
4.21386e-10
4.81754
8.44328
9.98027
9.04827
5.87785
1.25333
-3.68125
-7.70513
-9.82287
-9.51057
-6.84547
-2.4869
2.4869
6.84547
9.51057
9.82287
7.70513
3.68125
-1.25333
-5.87785
-9.04827
-9.98027
-8.44328
-4.81754
4.3005e-10
4.81754
8.44328
9.98027
9.04827
5.87785
1.25333
-3.68125
-7.70513
-9.82287
-9.51057
-6.84547
-2.4869
2.4869
6.84547
9.51057
9.82287
7.70513
3.68125
-1.25333
-5.87785
-9.04827
-9.98027
-8.44328
-4.81754
4.37577e-10
4.81754
8.44328
9.98027
9.04827
5.87785
1.25333
-3.68125
-7.70513
-9.82287
-9.51057
-6.84547
-2.4869
2.4869
6.84547
9.51057
9.82287
7.70513
3.68125
-1.25333
-5.87785
-9.04827
-9.98027
-8.44328
-4.81754
4.47377e-10
4.81754
8.44328
9.98027
9.04827
5.87785
1.25333
-3.68125
-7.70513
-9.82287
-9.51057
-6.84547
-2.4869
2.4869
6.84547
9.51057
9.82287
7.70513
3.68125
-1.25333
-5.87785
-9.04827
-9.98027
-8.44328
-4.81754
4.54904e-10
4.81754
8.44328
9.98027
9.04827
5.87785
1.25333
-3.68125
-7.70513
-9.82287
-9.51057
-6.84547
-2.4869
2.4869
6.84547
9.51057
9.82287
7.70513
3.68125
-1.25333
-5.87785
-9.04827
-9.98027
-8.44328
-4.81754
4.62431e-10
4.81754
8.44328
9.98027
9.04827
5.87785
1.25333
-3.68125
-7.70513
-9.82287
-9.51057
-6.84547
-2.4869
2.4869
6.84547
9.51057
9.82287
7.70513
3.68125
-1.25333
-5.87785
-9.04827
-9.98027
-8.44328
-4.81754
4.71095e-10
4.81754
8.44328
9.98027
9.04827
5.87785
1.25333
-3.68125
-7.70513
-9.82287
-9.51057
-6.84547
-2.4869
2.4869
6.84547
9.51057
9.82287
7.70513
3.68125
-1.25333
-5.87785
-9.04827
-9.98027
-8.44328
-4.81754
4.79759e-10
4.81754
8.44328
9.98027
9.04827
5.87785
1.25333
-3.68125
-7.70513
-9.82287
-9.51057
-6.84547
-2.4869
2.4869
6.84547
9.51057
9.82287
7.70513
3.68125
-1.25333
-5.87785
-9.04827
-9.98027
-8.44328
-4.81754
4.87285e-10
4.81754
8.44328
9.98027
9.04827
5.87785
1.25333
-3.68125
-7.70513
-9.82287
-9.51057
-6.84547
-2.4869
2.4869
6.84547
9.51057
9.82287
7.70513
3.68125
-1.25333
-5.87785
-9.04827
-9.98027
-8.44328
-4.81754
4.95949e-10
4.81754
8.44328
9.98027
9.04827
5.87785
1.25333
-3.68125
-7.70513
-9.82287
-9.51057
-6.84547
-2.4869
2.4869
6.84547
9.51057
9.82287
7.70513
3.68125
-1.25333
-5.87785
-9.04827
-9.98027
-8.44328
-4.81754
5.03476e-10
4.81754
8.44328
9.98027
9.04827
5.87785
1.25333
-3.68125
-7.70513
-9.82287
-9.51057
-6.84547
-2.4869
2.4869
6.84547
9.51057
9.82287
7.70513
3.68125
-1.25333
-5.87785
-9.04827
-9.98027
-8.44328
-4.81754
5.13277e-10
4.81754
8.44328
9.98027
9.04827
5.87785
1.25333
-3.68125
-7.70513
-9.82287
-9.51057
-6.84547
-2.4869
2.4869
6.84547
9.51057
9.82287
7.70513
3.68125
-1.25333
-5.87785
-9.04827
-9.98027
-8.44328
-4.81754
5.20803e-10
4.81754
8.44328
9.98027
9.04827
5.87785
1.25333
-3.68125
-7.70513
-9.82287
-9.51057
-6.84547
-2.4869
2.4869
6.84547
9.51057
9.82287
7.70513
3.68125
-1.25333
-5.87785
-9.04827
-9.98027
-8.44328
-4.81754
5.2833e-10
4.81754
8.44328
9.98027
9.04827
5.87785
1.25333
-3.68125
-7.70513
-9.82287
-9.51057
-6.84547
-2.4869
2.4869
6.84547
9.51057
9.82287
7.70513
3.68125
-1.25333
-5.87785
-9.04827
-9.98027
-8.44328
-4.81754
5.36994e-10
4.81754
8.44328
9.98027
9.04827
5.87785
1.25333
-3.68125
-7.70513
-9.82287
-9.51057
-6.84547
-2.4869
2.4869
6.84547
9.51057
9.82287
7.70513
3.68125
-1.25333
-5.87785
-9.04827
-9.98027
-8.44328
-4.81754
5.45658e-10
4.81754
8.44328
9.98027
9.04827
5.87785
1.25333
-3.68125
-7.70513
-9.82287
-9.51057
-6.84547
-2.4869
2.4869
6.84547
9.51057
9.82287
7.70513
3.68125
-1.25333
-5.87785
-9.04827
-9.98027
-8.44328
-4.81754
5.54321e-10
4.81754
8.44328
9.98027
9.04827
5.87785
1.25333
-3.68125
-7.70513
-9.82287
-9.51057
-6.84547
-2.4869
2.4869
6.84547
9.51057
9.82287
7.70513
3.68125
-1.25333
-5.87785
-9.04827
-9.98027
-8.44328
-4.81754
5.61848e-10
4.81754
8.44328
9.98027
9.04827
5.87785
1.25333
-3.68125
-7.70513
-9.82287
-9.51057
-6.84547
-2.4869
2.4869
6.84547
9.51057
9.82287
7.70513
3.68125
-1.25333
-5.87785
-9.04827
-9.98027
-8.44328
-4.81754
5.69375e-10
4.81754
8.44328
9.98027
9.04827
5.87785
1.25333
-3.68125
-7.70513
-9.82287
-9.51057
-6.84547
-2.4869
2.4869
6.84547
9.51057
9.82287
7.70513
3.68125
-1.25333
-5.87785
-9.04827
-9.98027
-8.44328
-4.81754
5.79176e-10
4.81754
8.44328
9.98027
9.04827
5.87785
1.25333
-3.68125
-7.70513
-9.82287
-9.51057
-6.84547
-2.4869
2.4869
6.84547
9.51057
9.82287
7.70513
3.68125
-1.25333
-5.87785
-9.04827
-9.98027
-8.44328
-4.81754
5.86703e-10
4.81754
8.44328
9.98027
9.04827
5.87785
1.25333
-3.68125
-7.70513
-9.82287
-9.51057
-6.84547
-2.4869
2.4869
6.84547
9.51057
9.82287
7.70513
3.68125
-1.25333
-5.87785
-9.04827
-9.98027
-8.44328
-4.81754
5.95366e-11
0.481754
0.844328
0.998027
0.904827
0.587785
0.125333
-0.368125
-0.770513
-0.982287
-0.951057
-0.684547
-0.24869
0.24869
0.684547
0.951057
0.982287
0.770513
0.368125
-0.125333
-0.587785
-0.904827
-0.998027
-0.844328
-0.481754
6.02893e-11
0.481754
0.844328
0.998027
0.904827
0.587785
0.125333
-0.368125
-0.770513
-0.982287
-0.951057
-0.684547
-0.24869
0.24869
0.684547
0.951057
0.982287
0.770513
0.368125
-0.125333
-0.587785
-0.904827
-0.998027
-0.844328
-0.481754
6.11557e-11
0.481754
0.844328
0.998027
0.904827
0.587785
0.125333
-0.368125
-0.770513
-0.982287
-0.951057
-0.684547
-0.24869
0.24869
0.684547
0.951057
0.982287
0.770513
0.368125
-0.125333
-0.587785
-0.904827
-0.998027
-0.844328
-0.481754
6.20221e-11
0.481754
0.844328
0.998027
0.904827
0.587785
0.125333
-0.368125
-0.770513
-0.982287
-0.951057
-0.684547
-0.24869
0.24869
0.684547
0.951057
0.982287
0.770513
0.368125
-0.125333
-0.587785
-0.904827
-0.998027
-0.844328
-0.481754
6.27747e-11
0.481754
0.844328
0.998027
0.904827
0.587785
0.125333
-0.368125
-0.770513
-0.982287
-0.951057
-0.684547
-0.24869
0.24869
0.684547
0.951057
0.982287
0.770513
0.368125
-0.125333
-0.587785
-0.904827
-0.998027
-0.844328
-0.481754
6.36411e-11
0.481754
0.844328
0.998027
0.904827
0.587785
0.125333
-0.368125
-0.770513
-0.982287
-0.951057
-0.684547
-0.24869
0.24869
0.684547
0.951057
0.982287
0.770513
0.368125
-0.125333
-0.587785
-0.904827
-0.998027
-0.844328
-0.481754
6.45075e-11
0.481754
0.844328
0.998027
0.904827
0.587785
0.125333
-0.368125
-0.770513
-0.982287
-0.951057
-0.684547
-0.24869
0.24869
0.684547
0.951057
0.982287
0.770513
0.368125
-0.125333
-0.587785
-0.904827
-0.998027
-0.844328
-0.481754
6.52602e-11
0.481754
0.844328
0.998027
0.904827
0.587785
0.125333
-0.368125
-0.770513
-0.982287
-0.951057
-0.684547
-0.24869
0.24869
0.684547
0.951057
0.982287
0.770513
0.368125
-0.125333
-0.587785
-0.904827
-0.998027
-0.844328
-0.481754
