-102.584
12.4681
-3.78967
3.88306
-7.74806
2.02795
2.01344
2.1301
1.90161
-3.26478
0.534786
0.879022
2.69347
2.84765
1.8602
-2.13895
4.57056
-1.79406
2.12715
-2.71726
3.85244
-3.16962
-4.6299
-1.99228
-0.456816
-70.3347
-5.07505
11.1109
-7.5961
-3.65996
-6.74812
0.109812
-4.80558
22.5769
-1.17128
1.00599
0.480533
17.6328
6.8747
4.15981
-1.26844
-4.23217
-6.33031
-1.74587
-1.7777
5.91671
-13.4187
4.31002
7.56271
-7.06819
-64.3141
10.29
-4.51301
4.62366
-6.33094
-4.17502
1.33398
0.597486
4.79785
-2.57354
-6.86724
-0.318492
0.699259
8.58255
15.3801
5.32288
12.5642
-9.38833
-7.05922
-11.4717
-4.70142
0.0209046
-3.71497
-4.65434
-1.6605
-60.7892
2.51617
7.21629
-4.07536
-2.49891
11.3401
0.15445
5.46082
1.46319
4.61914
2.25773
-2.47973
-2.70984
0.995653
11.9497
-4.13055
-3.10019
-5.32024
12.4151
-2.89863
-2.87574
2.91867
2.63737
13.2935
-4.60668
-58.2935
-2.98505
-1.83288
2.29634
0.0846866
4.23857
2.93589
-2.92802
15.801
-3.609
-2.72006
-3.25191
-4.03865
-2.49713
9.48551
1.58702
4.09505
-1.06426
10.1606
-6.08629
13.3236
19.1133
-5.82784
-4.87008
-6.5159
-56.3497
4.03175
-9.911
-2.54155
8.34832
-2.52131
-6.61593
-2.94162
4.65438
12.9349
-3.14814
-3.06955
-2.53195
-5.37431
5.36513
6.97233
-8.95398
3.42548
-3.26961
-5.78685
0.529505
6.18162
5.4427
-1.2216
2.00277
-54.7686
-1.19944
11.6856
0.709929
12.7054
-3.76806
7.60507
-10.5515
-7.49663
-1.51365
3.44296
-3.78343
-6.39202
-3.48445
1.73882
-5.05388
1.08765
10.3755
-3.03771
-3.35759
-2.3935
1.48435
-6.15267
3.63545
-4.68623
-53.4314
-1.32171
-3.52518
-3.37472
-1.44684
2.45482
14.0941
10.8844
-6.26289
1.25015
-3.34703
-4.44876
-6.19126
-5.10701
-0.850755
3.61736
2.90549
-0.388132
3.30129
-4.42659
-3.72636
2.99878
4.46233
-7.87787
-1.26158
-53.5192
10.2944
4.96964
8.17485
4.7349
11.0533
3.06141
7.03264
2.36205
3.75308
4.22634
-3.00819
-2.65595
-5.15385
8.93398
-7.13463
-7.54762
-7.00426
-2.97187
2.04173
-2.139
-3.46196
1.82807
-6.89527
-6.00063
-52.4837
-3.95319
2.68347
2.72023
-8.19266
-3.69823
15.013
9.14316
1.75921
0.507398
-3.05522
2.68635
13.3685
2.87795
-3.98991
-1.51331
-2.92019
-4.55017
-3.16171
11.3102
2.27183
5.52132
-1.74448
-4.07067
7.06255
-51.5785
-2.61064
1.84006
2.23518
2.2151
-9.02242
-1.38831
-5.68917
4.20151
10.9635
-14.1912
-11.2959
-2.30181
-5.02631
-1.1535
11.5726
-3.8375
-6.63008
1.64127
3.21078
1.45922
-1.98914
-2.38526
-5.53462
11.5796
-50.7497
0.824968
1.21632
7.55855
-3.83683
5.42761
4.078
7.83174
3.41023
1.89833
11.9582
5.45379
-12.7896
16.0796
-1.88083
6.55041
-4.66357
-4.28767
-5.49448
4.15452
-4.79257
5.77783
-5.33885
-5.10799
-2.19225
-49.9932
3.75419
-1.16421
13.4668
-1.41284
-4.40447
20.5151
1.39039
7.46293
-3.73278
4.39168
2.52066
-0.59135
-1.34583
2.1064
-4.49552
0.759958
-5.1641
-0.0678153
12.8948
3.80798
-3.39712
-3.99396
-1.65556
-5.49671
-49.2973
-4.04947
-2.04576
-0.807067
-3.10006
12.9666
-0.15096
-3.6008
6.16683
-9.80056
-0.833382
-4.10424
-0.945228
4.17167
7.88518
-2.50202
13.0103
-6.70333
5.30308
-1.46696
-0.209509
6.99837
-8.25197
-0.398232
2.9515
-48.646
-2.02266
4.47983
-0.929872
4.80708
1.692
-3.8144
2.74682
8.76781
-2.52203
-7.08576
2.8673
4.74023
0.240349
-3.74869
1.20161
4.27131
-5.85405
-7.34019
-5.39188
-3.47793
-9.06072
-2.93424
1.46939
-0.660421
-48.06
3.06432
16.837
-8.16859
-7.15775
-5.65413
-14.529
-1.76302
24.6963
-3.76801
0.402795
-6.45709
-4.45457
-0.0400731
-3.07924
2.23604
2.68388
-8.46969
5.69454
-3.65966
3.13372
8.11083
-6.58143
2.55036
-2.92549
-47.4986
-3.89826
11.062
-3.30348
5.53693
14.4309
-3.69685
-1.14909
13.3082
-5.1081
4.53698
4.02248
13.2316
3.69552
-1.93104
7.06796
10.1978
-8.82634
7.87377
-3.51899
-2.99118
-4.17264
0.56739
4.50058
5.63074
-46.9713
-2.86542
3.07858
-9.53771
-4.41868
-8.31193
-1.66296
3.19866
10.4548
-0.518265
11.4656
4.23475
-2.49236
-2.96915
3.13131
-1.90978
5.47543
-6.78571
-5.0258
-3.3006
-1.54551
7.42532
-1.49748
24.9132
4.66275
-46.4631
9.44459
-4.28343
-3.04656
3.91732
-3.25196
-0.0669599
-3.84787
13.8164
6.26279
-4.56454
-3.90835
2.00606
9.27302
4.60873
-4.50462
-0.8299
-14.2931
11.6986
-4.67093
-0.99917
-2.90575
18.668
9.85899
-2.15073
-46.0039
5.11393
-1.03332
-3.10365
-3.55489
6.34245
6.54262
2.94474
17.6153
4.08217
-3.39451
3.7631
-3.35004
-4.04842
-3.13405
10.1532
-1.79473
-6.8607
-0.466796
-1.43302
-0.366067
9.22973
4.02989
9.45703
-3.94353
-45.5579
-6.66025
0.47131
-2.05252
0.425261
0.926962
7.25807
7.30936
8.16225
2.89937
5.06962
-7.07345
1.53377
2.56981
-2.0959
2.85302
-7.65927
-8.82585
-2.22036
8.31079
-6.89136
-3.44622
0.872601
6.37548
6.43958
-45.1336
-1.47488
-0.270694
1.69413
-3.90354
-5.02976
2.32932
-5.68535
9.33904
4.77694
-0.531081
7.10535
-3.54525
-2.63262
-3.56291
0.63334
-4.53413
-4.91164
3.92723
3.10659
2.42608
12.7959
4.50033
3.86921
6.07845
-44.7291
-0.814643
-2.11441
1.41389
2.53732
5.4465
6.08093
13.3142
6.10762
10.4664
-1.32846
4.05823
2.97404
-2.55404
1.31061
-6.18835
-3.29
-7.52748
-1.55291
2.1854
-3.88702
-9.66609
-4.01635
2.52401
-2.59317
-44.3513
-0.0796641
-2.91785
23.8547
-8.65476
0.258623
8.45568
2.60549
5.58074
3.09214
-3.59055
-6.99852
-2.77558
-3.34142
7.24784
-3.37051
-5.22187
-7.57227
-0.523976
12.5513
-2.56926
14.0199
4.90247
2.19068
-4.3485
-43.9726
-4.05995
-2.74056
1.29329
3.41562
-5.48793
-4.50701
-6.57114
4.87282
-0.750413
-3.26474
4.13484
13.293
0.119085
-2.18984
6.68329
2.56418
-9.80982
4.71407
2.03958
3.05935
-2.74723
-3.30945
2.93073
2.99698
-43.6177
1.21629
-2.17526
3.76469
-4.69731
3.86202
-6.26179
5.36079
3.94514
-7.90347
16.7718
-6.28401
-5.71926
-3.17304
-0.342202
15.01
13.4016
-8.41337
-2.45062
-1.87149
-4.09579
11.5311
-1.87234
4.42285
-4.78827
-43.2767
4.32186
-2.27752
3.09222
1.7078
-4.97367
-3.98406
-3.51183
4.73128
-3.9879
8.3537
6.2231
4.49351
16.5137
-5.58623
-6.76717
1.33594
-14.8889
0.493041
-3.42187
-1.67991
-2.94232
-6.5055
5.04326
-3.00021
-42.956
-6.57086
-3.5122
11.2811
-2.50777
-1.96827
-3.46245
-5.7473
2.79015
-4.16104
-1.49046
4.98975
-1.62401
-1.30061
2.39704
-6.32959
3.33969
-8.92757
13.9268
-6.25054
-1.26923
12.3306
-4.04453
12.2444
12.2927
-42.6254
-1.85126
-3.85802
0.299132
0.0820135
-0.174192
-2.79289
-0.913547
3.6081
-6.37737
-4.23601
-6.74323
-0.64276
0.222961
8.10709
1.63272
7.58733
-7.15962
-4.45039
-8.98513
-2.32613
-6.19288
-7.025
19.6717
22.0514
-42.3412
6.30687
-3.39172
-1.66538
-3.25629
0.383965
-3.1597
-5.04056
3.65954
0.110649
-1.87474
3.10914
-1.90378
-0.30089
-2.62436
2.77251
0.346725
-6.52117
17.7557
-4.49728
-10.625
23.5364
-3.92843
4.952
-3.8419
-42.0394
9.87378
-3.26991
-4.04597
3.4718
-4.79226
1.86463
-1.74285
2.64793
3.75996
3.91652
-4.07425
-2.59688
-0.0982993
1.66745
1.62592
0.00787781
-5.34533
3.59637
2.9497
3.86451
-5.26968
-4.2128
-0.786831
-3.41839
-41.7477
-7.09593
-3.2819
-4.12827
-7.5772
2.64033
4.73385
5.36224
3.98262
11.9551
9.45499
-0.0715646
10.4147
12.1585
-6.32098
-4.61887
-2.46825
-3.14225
-4.79348
13.4465
-4.49979
19.4391
-0.0530111
-6.57708
4.25294
-41.478
0.928047
-5.03698
-3.31955
4.16024
-1.51047
2.63004
-4.25018
2.66077
3.69004
-4.65038
2.95723
-3.09453
-2.26385
2.78667
-2.2879
-5.64347
-6.67854
2.86685
-0.122041
-2.32645
-2.06544
5.87976
-10.1479
-0.735086
-41.2043
0.416744
-4.75622
-6.43592
-5.43383
-2.7911
4.21868
5.80141
3.43147
3.65323
-6.83628
-7.05289
3.6376
9.66235
11.0204
13.0526
-4.09095
-4.03228
-3.46382
3.45386
4.27301
14.9
12.0163
-4.80421
-3.3187
-40.9507
-0.114466
-2.52357
-1.87701
0.826396
2.5775
8.7639
15.9078
3.38956
15.047
11.2341
1.76881
-6.13781
-3.94067
-3.24507
0.983365
-1.92681
-9.50564
-4.4742
12.371
-3.71178
-1.8134
4.45727
-2.62382
0.83535
-40.6929
-3.52381
-3.5333
-13.5984
-3.72684
-3.49835
-0.350579
-3.31866
3.24771
3.41991
2.35182
-2.37247
2.65529
1.48817
3.06724
-1.34995
-7.57562
-3.10567
1.2724
3.03884
-0.424685
11.2316
-19.5068
-2.6899
4.27151
-40.4425
17.7019
-3.65398
1.45038
2.46695
-1.10882
-2.64349
15.0155
4.85583
-1.93198
0.577979
1.53081
-6.88455
-4.18701
-5.57292
-2.64621
-1.29205
-4.79498
-4.20378
-1.57219
-5.67269
-4.73088
4.4658
-3.91337
-7.4853
-40.2206
12.5626
-2.66056
4.02008
-5.28738
-2.71047
-3.73855
0.35013
2.62236
-6.05939
-4.51824
2.69851
9.55028
4.53321
3.55617
-1.85385
6.29514
-4.34913
-0.113237
-9.455
-3.20318
9.53207
12.0613
-4.39186
-2.88158
-39.9833
-5.41997
1.46832
14.1911
3.31972
-0.922703
-6.22159
-2.44623
5.34376
-4.63895
-0.196085
-4.80113
-3.53344
-10.4281
8.5032
4.92814
0.459189
-1.25
6.25278
-6.78553
0.586858
-8.13525
5.86434
-3.79751
17.9287
-39.7626
-0.844729
8.42
3.11439
-7.87228
-6.10599
-8.30103
2.89298
8.38525
-2.69433
6.04563
-0.378591
7.47944
14.3064
-4.87387
11.0138
-0.67145
-1.60302
-2.74917
-4.15601
6.74057
15.0269
-0.0859178
-2.75578
25.6208
-39.5373
0.61301
21.4631
2.56966
3.60428
2.14446
-3.41248
-3.56365
8.53216
-6.1635
19.8097
-2.2417
-1.46824
-7.63183
4.08762
-1.78922
8.24309
0.236816
3.73161
-1.46056
-5.64202
-2.8186
-4.15181
-2.53598
-4.39392
-39.3274
3.85507
11.2226
4.43377
-3.74553
-4.69831
7.93409
-2.49164
15.3541
-2.24665
-1.9399
4.94775
1.17351
5.45435
-9.49049
-9.05123
3.80787
1.72223
17.4777
1.51998
0.49388
-4.76454
-3.96345
-3.40624
-0.939724
-39.113
-9.04936
7.69511
11.2125
0.637686
-1.28668
6.52349
2.34383
15.8591
4.20044
-3.12986
2.19463
2.17762
-4.6795
3.67796
4.15037
-6.43828
-1.07961
-2.68502
17.6602
9.30035
-3.06731
-6.9433
-3.49795
4.18409
-38.9038
3.25063
2.21624
4.09458
-2.63797
3.25244
-0.687934
-5.83431
9.46993
11.8459
0.790246
-2.99347
-7.32011
-0.431388
9.98225
2.87236
-1.11569
2.22492
17.4375
1.85197
-8.22443
13.9336
-4.06452
-2.80535
-11.0107
-38.7085
2.1789
4.04522
-2.38932
0.11124
-4.49681
8.56398
1.60944
-1.55041
1.21549
-1.99332
1.93583
14.553
4.05795
-6.80707
2.86357
-3.852
-1.05359
2.73253
3.93333
1.75807
-12.8357
-6.43108
-2.15737
-3.61582
-38.5087
-1.72769
3.98779
-1.6154
-3.90583
-0.963712
7.94606
16.8336
16.6107
4.66149
2.99443
-2.83359
-7.44552
-2.26411
3.72012
-7.67383
-5.78987
5.0505
-3.7634
13.4825
14.075
5.90836
-1.86521
-1.71519
9.63891
-38.3307
-4.29069
3.5122
-6.8947
2.97752
-2.88336
1.00192
-7.51517
7.69172
10.1965
-3.71251
2.52429
5.90004
11.1956
-8.63764
-2.10818
-3.19206
3.35589
3.11641
1.24484
-3.21845
-3.52834
-3.31853
-2.90541
8.43224
-38.1393
15.4108
3.63549
-2.67803
-8.71932
-2.5764
-2.42115
15.3701
8.5453
1.95085
-6.53531
4.49301
-8.90373
-6.65456
1.14844
13.0881
-1.83535
5.10142
-1.93101
-9.03184
1.45445
8.76532
4.91203
-2.11739
-5.53214
-36.7068
-2.77641
8.4908
2.73516
-1.991
-2.87708
-0.165481
-7.56781
12.8834
7.15583
6.91437
-2.76551
4.15222
-0.161927
8.36718
-4.0843
-1.55149
1.68331
-6.08288
1.80649
-0.844071
0.0560808
-1.62498
22.154
-4.32973
-36.5356
-0.441824
-1.59401
-6.49551
-3.60248
9.00292
0.711326
1.92023
-0.536145
-2.0999
-7.11536
-1.5842
7.43841
4.6336
1.92708
2.58189
-1.049
12.9935
-3.73915
1.0179
-4.31594
5.50731
14.9074
-0.891115
24.9848
-36.3437
10.3678
-0.841436
0.334142
4.14425
0.107656
-0.548189
0.485118
-5.44099
1.84485
7.6504
-0.944181
0.764213
21.3647
0.344004
-2.59409
9.67178
6.06499
15.1551
2.70608
-4.11281
9.66606
-3.40929
-0.810356
3.6293
-36.1795
-4.65757
8.37483
-3.5227
3.84734
1.18821
-0.704154
-1.48661
-8.10359
1.6033
1.30789
-0.00414704
-1.92659
-3.05292
0.281879
-1.84595
-1.70391
-2.24145
12.5879
3.97141
1.71328
5.224
12.2703
2.86561
-2.52772
-36.0067
8.72169
-7.25472
0.453899
6.16811
-2.64619
-0.33552
-5.39455
-3.38255
-1.4471
-4.29858
-1.48183
-3.7553
-1.47971
-1.57033
2.37134
7.76189
9.69068
-3.96299
3.79388
4.94322
-1.83201
-8.41655
-3.89492
6.51408
-35.8487
5.99882
6.83287
-4.2946
-0.406482
-2.33726
-1.77495
27.2993
-1.95676
21.3357
11.7562
2.43312
-4.68912
-3.47829
-5.75969
-4.29759
-3.45487
5.06813
-3.84228
6.5081
-4.8624
5.54222
13.0254
20.8447
-0.367008
-35.6713
-8.04185
-2.05748
3.5547
3.86983
2.36013
-0.733218
13.165
-1.36481
-2.55841
0.724933
9.59108
-2.28356
-6.33533
-13.525
-0.128692
3.57875
-2.86928
4.23145
4.78446
-6.58225
12.2566
-3.35684
-0.41232
-1.80907
-35.5191
5.35246
-2.73663
-5.04088
10.2671
15.5192
-2.19945
-3.94077
4.50276
4.53005
-3.27903
14.5511
-4.96226
-3.26677
-15.6037
-1.0293
-6.8946
-8.57241
-8.10334
6.81761
10.7596
2.6469
12.349
-1.52432
3.60773
-35.3696
-3.39694
10.0326
4.06938
1.79591
-1.22594
-2.36669
-1.23095
21.5791
-2.92735
4.31985
14.9492
-3.84656
-3.6953
-12.042
-1.72944
3.09219
-7.28692
-3.46659
16.5798
5.47927
-0.370197
-2.59077
3.11574
-2.12899
-35.2121
-3.48824
-12.9991
-5.43133
0.693936
-4.58763
-1.53563
-1.72003
3.11738
2.7692
1.63217
5.11547
6.22481
-1.98467
-8.39909
-5.76819
-6.82011
-3.87224
1.72676
12.4977
-3.84578
-2.76137
9.94463
-3.37192
-2.28698
-35.0575
2.88031
7.79259
2.16904
-6.50281
0.621495
-3.26983
-0.121911
5.1372
-5.91149
-6.30665
0.674449
3.16784
10.3385
-5.54648
3.30486
12.6247
-2.19877
4.89297
9.41911
-7.88515
-3.11425
-3.1297
6.99826
3.79567
-34.9156
-1.95641
-0.976137
-3.27137
-2.85443
3.11171
-2.17384
-5.01773
10.3799
3.10779
5.05233
2.80275
-2.23246
5.51475
-4.92193
-5.50127
-5.65632
0.836968
-4.0486
7.98398
-1.58312
-6.89329
12.6576
-3.2369
-5.2728
-34.7661
-1.60669
-5.27916
-2.32358
-8.44706
3.51419
-3.34334
5.96797
-2.51854
-5.21872
-2.69889
2.16937
5.11515
-1.47138
-5.5858
-0.309653
9.63311
20.1965
-3.47219
20.6826
5.27166
-2.65996
-7.27172
-1.88876
2.74212
-34.6289
5.13898
8.30691
-4.90717
-3.56033
-13.6287
-2.86365
1.29849
-4.24634
13.4534
-3.49153
1.92541
5.65181
6.34605
-5.6631
4.34864
-3.4132
2.24663
6.24518
12.1571
11.4273
-4.53232
13.2081
4.18947
14.3981
-34.4745
-2.34078
-8.28287
2.33566
-6.5724
-3.05235
-2.64972
-2.99434
-3.49303
-16.9528
5.58914
2.4767
-6.57713
25.048
-4.34115
-4.66604
-0.701144
2.44466
7.66469
10.1931
-4.47151
-1.37191
-2.1539
-4.0526
-5.08702
-34.3418
2.40278
6.98363
-8.42977
-1.98201
16.977
-3.88551
-2.85321
-3.89357
4.13687
-5.19584
2.75725
-0.645096
1.60935
-2.48426
0.180096
1.79611
8.63255
-2.9981
5.21416
-2.98608
-2.10155
9.75576
16.5488
14.0535
-34.2111
12.7319
-1.79142
2.95912
-2.95835
4.64699
-2.85896
5.92866
-4.09308
-1.94423
-3.12898
11.9903
-3.05757
-0.957835
-1.70257
3.22612
-5.52499
1.31088
-4.16095
4.8302
4.07449
1.9662
-2.69022
-4.37338
0.26574
-34.0731
-3.71276
-4.55846
-3.70857
1.93329
-3.95881
-4.28158
3.24865
-4.28912
1.00857
3.04328
13.2771
-8.27175
-4.37278
-2.11113
-3.13024
13.037
-4.23686
2.50995
3.1876
-4.35207
13.4942
10.5372
-2.13014
-4.12551
-33.9373
7.47321
8.28374
-0.0632614
12.0592
-4.56979
-4.27835
-5.98175
1.95339
-0.269457
-1.21982
11.0703
-3.77428
-8.54485
-1.66318
-8.8502
-8.26142
-3.52659
-4.29463
2.40437
0.912181
6.80458
-6.51275
3.84274
2.98979
-33.8036
3.55427
-4.61907
-2.63117
11.0425
-1.31456
-3.37704
1.19037
9.84232
-3.58383
-7.11746
7.00331
-1.80649
-3.72556
-0.245689
9.09672
6.55794
-3.66237
-2.36856
3.00939
-2.28195
3.0808
14.124
-7.0021
-2.36893
-33.6807
-4.78862
8.24441
1.06516
3.11457
3.92955
-5.35479
-0.404312
2.09659
6.65791
4.17056
3.54934
-15.1589
-1.66823
1.6379
-5.70428
-6.15131
-3.62983
8.55893
0.0360959
-2.94682
1.45449
-3.90279
12.8123
-1.2125
-33.5595
2.39966
-1.28268
-3.91929
-1.88157
10.7979
-3.79682
-1.0965
1.12996
-5.35067
-1.36471
0.603912
8.57828
-2.25753
3.68202
0.797653
2.49655
-5.01568
7.67278
1.5894
15.6116
15.5028
14.529
-5.10904
4.17711
-33.4229
-1.33548
-4.5246
3.77149
7.42909
-3.16748
-5.20346
-7.17897
19.9248
4.74522
-5.12401
-1.18488
9.79706
6.46835
3.60492
14.035
-5.82694
-3.29116
-4.30658
2.49107
3.33422
6.74057
-1.38177
-1.36563
-2.02748
-33.3052
-6.94194
4.57979
-7.87306
24.2411
-3.65816
-3.9218
9.72378
1.14166
-5.07877
2.91244
-1.79737
-2.59085
6.88676
14.2779
-4.26177
5.19907
11.087
-1.7061
0.293014
0.0519876
0.851659
13.8114
4.21509
0.868656
-34.4219
2.97812
1.68123
11.0836
1.82254
12.8624
-2.61152
7.34193
-11.8805
-0.68124
4.46578
1.20266
16.3533
1.62953
-4.75332
-0.41336
-0.950463
6.64858
-3.62166
-7.65738
-1.5937
-0.579577
-3.94386
-5.23479
-1.21898
-34.3103
-2.15656
4.98598
11.3193
-4.07035
1.98413
-2.78447
7.46313
-6.04671
-2.24301
-1.92302
-3.0035
-2.34748
-1.69
8.15324
-3.38522
16.9532
5.99612
-5.84399
-0.257652
-2.93199
5.1679
-5.8879
-8.53319
-2.68673
-34.2
-2.17801
10.1262
1.34448
1.73328
-2.62432
24.9769
-2.59804
-7.81495
-9.91343
-8.92317
2.10909
8.49582
10.8078
-4.23893
-2.04441
5.8294
11.0987
1.21328
6.70685
1.82361
-2.6419
-3.32305
-13.7255
10.4026
-34.0806
-4.5847
12.806
-7.22875
-4.49566
13.8744
5.2506
9.51133
-7.74405
-4.10971
-2.1668
-7.21279
-4.50191
-1.73282
-1.25731
2.28493
-0.255142
14.2549
-2.93889
7.00235
-0.375148
6.20432
-8.03181
-19.549
10.0665
-33.9627
11.3844
13.8671
-1.64889
2.58642
4.94101
3.82321
1.35096
-5.36872
-3.19266
10.1264
4.67225
1.99052
3.14889
-1.49858
8.97209
8.37075
13.4973
-1.56601
0.641704
-9.84007
-12.8429
-0.175255
-14.895
-7.81282
-33.8465
16.3037
7.13968
-4.47718
-7.47187
-5.35263
13.704
-3.42918
-6.38376
-3.67089
10.2925
-1.82488
-4.85297
-3.80394
1.08871
-2.5666
9.78607
6.08739
4.44138
4.15102
4.28012
8.93222
2.03168
-7.96357
-1.28824
-33.742
-5.52649
4.23597
-3.13121
3.7851
11.9547
1.01984
2.60213
-4.92008
4.59181
-6.89982
-3.83116
4.94098
1.3359
7.04839
-5.98174
-4.07469
13.217
-3.60859
6.78205
-2.24054
-2.08348
10.7769
-4.51241
2.33398
-33.6185
-0.0828694
-1.25454
-4.06437
-4.65531
2.55229
-1.97569
-2.5345
-4.3443
27.0002
-3.4911
2.99357
-14.724
-5.3157
-3.67454
-0.248757
-2.65721
15.3966
7.63765
-0.107677
-4.36046
-3.88858
8.13954
-3.38697
4.58618
