5.51629e-11
17.6525
0.417862
2.44515
0.167955
1.59512
1.58981
1.63309
1.54939
0.471543
1.13104
1.22434
1.85929
1.92648
1.53469
0.61109
2.86454
0.661597
1.63198
0.534902
2.42797
0.48199
0.344358
0.632081
0.900157
9.25826e-08
0.31081
12.9147
0.173936
0.43053
0.21144
1.02561
0.330706
181.006
0.763611
1.26066
1.117
57.9809
4.86934
2.60604
0.746718
0.377383
0.232793
0.668979
0.664095
3.90545
0.0455129
2.69775
5.7052
0.196418
3.70331e-07
10.6905
0.353752
2.89979
0.232758
0.382383
1.35956
1.14749
3.01846
0.552899
0.20572
0.929289
1.1747
7.21531
34.5148
3.40634
18.0476
0.115124
0.196824
0.0712575
0.338734
1.00483
0.425112
0.342425
0.68226
8.33841e-07
1.78491
5.26779
0.391259
0.562483
13.6147
1.0362
3.51626
1.40062
2.89677
1.6818
0.564972
0.535816
1.25767
15.6664
0.386318
0.489757
0.293749
17.4385
0.513023
0.515734
1.95825
1.83543
21.3479
0.346204
1.48132e-06
0.502915
0.655711
1.69681
1.01969
2.65373
1.96603
0.509563
38.0276
0.435612
0.534558
0.472943
0.39458
0.562713
8.88283
1.44113
2.56747
0.782662
10.3767
0.246247
21.4961
81.5327
0.261346
0.325831
0.223054
2.31755e-06
2.53032
0.10207
0.556988
6.83647
0.559589
0.217975
0.50797
2.92037
19.6557
0.48438
0.493225
0.55822
0.290114
3.43964
4.98004
0.127234
2.20064
0.47102
0.263824
1.12967
4.15109
3.50163
0.754815
1.5859
3.33537e-06
0.758676
14.7423
1.17759
18.6442
0.419947
5.76113
0.0880738
0.177966
0.705724
2.20951
0.418463
0.229508
0.448285
1.49239
0.312329
1.28459
10.9031
0.496855
0.461573
0.576302
1.40746
0.242512
2.30965
0.33992
4.53794e-06
0.737614
0.444101
0.459757
0.716664
1.75987
25.6689
12.2584
0.236435
1.33357
0.462698
0.359024
0.240366
0.308531
0.8221
2.30004
1.95231
0.914507
2.1386
0.360862
0.423998
1.9947
2.79405
0.163009
0.747897
4.44715e-06
10.7015
3.14025
6.56879
2.97502
12.7448
2.02368
5.04968
1.72268
2.37306
2.64627
0.500243
0.542507
0.305221
7.82345
0.193436
0.175889
0.19933
0.504444
1.6002
0.611083
0.450613
1.52338
0.204396
0.251152
5.64457e-06
0.402421
1.85501
1.87078
0.151612
0.426753
31.7176
8.20949
1.49941
1.12393
0.494855
1.85624
21.7194
1.93997
0.399033
0.70578
0.510483
0.350738
0.482868
13.5214
1.68726
3.56559
0.669193
0.391681
5.08458
6.95266e-06
0.548196
1.52759
1.67308
1.66537
0.125244
0.726388
0.269825
2.63118
12.4838
0.0380964
0.0742012
0.588598
0.314318
0.766744
14.3635
0.413286
0.217266
1.45924
2.09449
1.39933
0.632537
0.577396
0.2796
14.3866
8.41447e-06
1.2092
1.32322
5.69974
0.413349
3.48948
2.55741
6.06979
2.19292
1.54822
15.6973
3.51058
0.0526064
40.547
0.648511
4.51899
0.341699
0.372591
0.282197
2.60287
0.331698
3.78254
0.292493
0.308462
0.603636
1.00157e-05
2.37366
0.764855
22.2168
0.722297
0.362704
112.593
1.37733
5.57562
0.423372
2.74896
1.78676
0.8727
0.733529
1.6242
0.35518
1.19123
0.304502
0.984506
19.475
2.40324
0.457392
0.398661
0.683037
0.282052
1.17562e-05
0.393598
0.624344
0.830411
0.489772
19.7997
0.965837
0.436436
4.13697
0.104699
0.825395
0.388665
0.80441
2.61317
6.14495
0.56208
19.9999
0.213632
3.39084
0.713352
0.952904
5.01
0.149556
0.912382
1.9731
1.36585e-05
0.627673
2.80532
0.807259
3.02488
1.47639
0.415489
1.88227
7.52976
0.559497
0.195625
1.93522
2.97867
1.0569
0.421824
1.31875
2.67381
0.259773
0.184493
0.288943
0.44896
0.124145
0.508834
1.40262
0.85893
1.56315e-05
2.02503
48.2722
0.152455
0.192409
0.272012
0.0352452
0.666343
294.867
0.419952
1.09718
0.226095
0.358545
0.990815
0.492126
1.67342
1.85519
0.142243
3.71069
0.43056
2.05765
6.47267
0.219714
1.79902
0.50986
1.77886e-05
0.407543
12.7702
0.46736
3.57844
27.7388
0.426889
0.767522
21.4198
0.308454
2.84248
2.52492
21.0453
2.34181
0.641056
5.09091
10.466
0.131029
6.12883
0.444735
0.502206
0.382592
1.13956
2.81876
3.65657
2.00851e-05
0.516961
2.03169
0.111232
0.36152
0.147505
0.681874
2.08865
11.1041
0.887511
14.0141
2.6514
0.563332
0.50476
2.05651
0.644202
3.52812
0.209618
0.314355
0.46767
0.700565
5.52754
0.708357
309.968
2.92601
2.25783e-05
8.79952
0.372956
0.495843
2.46452
0.472938
0.9847
0.412299
24.0791
4.22941
0.349579
0.406597
1.5871
8.45867
2.88983
0.354436
0.826057
0.0372123
14.7863
0.34112
0.79448
0.512183
73.5872
9.68053
0.609434
2.50961e-05
3.24633
0.788258
0.489367
0.441073
4.3077
4.51088
1.97004
57.7473
2.55987
0.457667
2.37854
0.462377
0.393693
0.485953
10.359
0.661496
0.20603
0.898091
0.718949
0.919165
8.37476
2.52923
8.82476
0.403318
2.78106e-05
0.215762
1.11463
0.623373
1.10287
1.23793
5.31871
5.3819
6.54976
1.94956
3.21338
0.19618
1.42356
1.8071
0.617178
1.92887
0.171424
0.131043
0.599741
6.77765
0.20458
0.452249
1.22253
4.34058
4.40512
3.06646e-05
0.712053
0.939573
1.47711
0.407048
0.314069
1.70975
0.270063
8.58824
3.00396
0.884895
5.13493
0.442054
0.545428
0.440259
1.157
0.352036
0.322728
2.47015
2.04484
1.74827
19.0364
2.8186
2.43737
4.05364
3.36579e-05
0.828964
0.614553
1.38481
1.79363
3.50469
4.05596
21.4497
4.08096
11.1338
0.736468
2.54579
1.98337
0.555387
1.35226
0.240527
0.468813
0.176706
0.699373
1.65402
0.4086
0.107992
0.396611
1.78814
0.550406
3.67173e-05
0.981824
0.510758
242.926
0.136309
1.06136
7.00758
1.822
3.61472
2.03805
0.437466
0.199594
0.527767
0.463295
5.30621
0.460202
0.300478
0.174893
0.886344
17.994
0.553444
25.2344
3.09205
1.65603
0.367409
4.00626e-05
0.392649
0.53204
1.34688
2.19565
0.282623
0.354241
0.220235
3.07102
0.841315
0.471548
2.5911
21.3452
1.0278
0.603971
4.65939
1.80475
0.104476
2.96079
1.5994
2.02272
0.531223
0.466718
1.96369
1.99388
4.34741e-05
1.32321
0.606001
2.37941
0.339054
2.43333
0.236495
3.43621
2.48036
0.162051
47.5529
0.235287
0.267962
0.48161
0.924229
31.6954
21.8857
0.1441
0.568772
0.649906
0.389423
14.2268
0.649779
2.76876
0.332026
4.70249e-05
2.70512
0.591899
2.03808
1.48177
0.318151
0.399571
0.445469
2.97254
0.399218
6.84494
4.19093
2.81417
44.8095
0.276297
0.210515
1.36017
0.032442
1.12022
0.454793
0.679218
0.507888
0.223589
3.19393
0.501163
5.0629e-05
0.220249
0.445431
13.431
0.561337
0.635584
0.450563
0.266238
1.90115
0.383616
0.709502
3.15482
0.688017
0.741206
1.73662
0.232831
2.15759
0.12801
24.6992
0.237108
0.746581
17.1025
0.394046
16.7664
16.954
5.46338e-05
0.652941
0.411337
1.07131
1.01906
0.960684
0.525668
0.810299
2.29514
0.230284
0.37705
0.211679
0.86243
1.05268
6.46709
1.45637
5.73764
0.192326
0.35889
0.126324
0.585311
0.240277
0.198381
92.7183
160.377
5.83286e-05
4.27254
0.45796
0.681494
0.472466
1.09244
0.483092
0.313288
2.32249
1.02581
0.649421
2.04604
0.645092
0.933063
0.546467
1.89344
1.08311
0.222783
59.6444
0.355035
0.086597
225.754
0.404722
3.12752
0.412867
6.25261e-05
9.71355
0.470987
0.393916
2.22423
0.331722
1.53625
0.669445
1.8399
2.37682
2.46407
0.391359
0.549935
0.97762
1.46806
1.45409
1.00182
0.292056
2.28896
1.97229
2.43473
0.297188
0.37907
0.83429
0.455156
6.68694e-05
0.195167
0.469689
0.386521
0.174695
1.83668
2.9743
3.43735
2.50186
15.6858
8.82063
0.983657
11.0019
16.4382
0.233293
0.345234
0.566468
0.485037
0.331629
22.1132
0.354831
87.8832
0.987868
0.219934
2.66252
7.11545e-05
1.23824
0.313546
0.465635
2.6063
0.706241
1.83233
0.375822
1.84534
2.33886
0.342738
1.97571
0.490396
0.593766
1.89962
0.590487
0.27268
0.214855
1.93502
0.97229
0.585269
0.621521
3.87236
0.0966525
0.84429
7.57829e-05
1.10071
0.334486
0.2272
0.286166
0.525884
2.6416
3.80312
2.20367
2.31912
0.207192
0.197111
2.31079
9.252
12.6484
20.1958
0.389857
0.395159
0.45042
2.21506
2.67486
30.9032
15.9085
0.33081
0.465726
8.03403e-05
0.973987
0.559298
0.649081
1.20959
1.8103
7.52299
38.9744
2.18251
31.967
13.2865
1.50273
0.243343
0.403583
0.473689
1.25411
0.641681
0.112056
0.356927
17.2624
0.425424
0.658659
2.79079
0.546536
1.21209
8.52538e-05
0.444241
0.443272
0.0436673
0.423951
0.446854
0.922448
0.46573
2.11237
2.19782
1.71863
0.579099
1.84302
1.40869
2.02639
0.732833
0.174758
0.489139
1.34042
2.01318
0.906842
13.2787
0.0112026
0.538282
2.67393
9.03131e-05
58.9098
0.431124
1.39649
1.7648
0.774673
0.544066
31.7357
3.05903
0.640917
1.14235
1.4226
0.204901
0.381329
0.277146
0.543724
0.742668
0.331514
0.379859
0.696275
0.270852
0.336443
2.79627
0.406128
0.178431
9.50463e-05
18.0409
0.541932
2.52353
0.29598
0.535739
0.42281
1.08396
1.82909
0.247777
0.353326
1.86145
9.01628
2.84002
2.26787
0.652552
4.26103
0.367356
0.974263
0.113371
0.47828
8.97857
16.0741
0.363759
0.515042
0.000100384
0.28708
1.40227
26.2489
2.14769
0.808592
0.238693
0.569347
3.42275
0.343641
0.955854
0.331045
0.443257
0.0906125
7.08468
3.11038
1.11152
0.749894
4.21967
0.209627
1.14468
0.15363
3.85864
0.417108
62.0686
0.000105619
0.823241
6.95024
2.04851
0.163219
0.245133
0.147876
1.9467
6.89485
0.537733
4.02312
0.916518
5.59686
26.9549
0.325547
12.6294
0.856752
0.69135
0.530986
0.38406
4.72125
31.8191
0.980411
0.530178
364.82
0.000111243
1.1516
140.058
1.80703
2.29313
1.6385
0.455777
0.440184
7.13207
0.241908
95.7135
0.596801
0.713143
0.172511
2.56308
0.662335
6.67281
1.05604
2.36135
0.714404
0.272771
0.522565
0.384432
0.557702
0.363587
0.00011675
2.42945
13.2514
2.77573
0.422131
0.338976
6.21453
0.563424
34.309
0.596122
0.63975
3.12446
1.31024
3.51103
0.112448
0.124416
2.40318
1.4867
55.9467
1.41905
1.12044
0.333846
0.401471
0.456432
0.80543
0.000122658
0.12447
5.88182
13.2207
1.15816
0.743588
4.49106
1.71547
38.5395
2.63054
0.486423
1.65754
1.65106
0.340447
2.33236
2.60038
0.227077
0.7799
0.538888
58.3475
8.51206
0.49348
0.202148
0.446894
2.62065
0.000128712
2.1138
1.6658
2.56719
0.544757
2.11468
0.853506
0.260957
8.85101
15.2963
1.19957
0.501942
0.185348
0.905443
9.95921
1.93747
0.773449
1.66914
55.4306
1.53178
0.150507
24.7378
0.392237
0.524162
0.0792375
0.000134632
1.65154
2.53818
0.576856
1.02594
0.355074
7.18453
1.44858
0.699776
1.32297
0.631928
1.56165
28.5298
2.54563
0.20859
1.93356
0.411908
0.784586
1.87609
2.47362
1.49902
0.0520511
0.227453
0.608503
0.434928
0.000140971
0.671787
2.50484
0.689382
0.406834
0.800993
6.23169
48.235
45.8219
2.92516
1.99271
0.520764
0.180073
0.59373
2.35511
0.170851
0.263641
3.19926
0.420397
22.297
25.5562
3.89795
0.650847
0.673723
9.20218
0.000146869
0.372332
2.24502
0.204423
1.98496
0.514831
1.25948
0.177208
5.87722
10.4628
0.425353
1.78825
3.89049
13.1691
0.136847
0.615435
0.479506
2.16565
2.04947
1.33194
0.476601
0.443778
0.465743
0.512223
6.96987
0.000153487
34.76
2.30967
0.539755
0.134297
0.552535
0.572644
34.4357
7.15369
1.56706
0.222059
2.81385
0.128714
0.216045
1.3027
20.3616
0.655337
3.23699
0.641061
0.124973
1.3978
7.52544
3.09886
0.614131
0.27976
0.000213463
0.527666
7.06448
1.87722
0.632266
0.515575
0.962613
0.175073
19.4241
5.19497
4.91403
0.528992
2.60149
0.963401
6.86623
0.390455
0.699601
1.47344
0.246441
1.51583
0.823366
1.013
0.687863
164.208
0.369001
0.000222047
0.90327
0.692785
0.224104
0.436267
7.94862
1.17797
1.55605
0.883864
0.616609
0.194296
0.694352
5.54422
2.90643
1.5585
1.81213
0.785417
19.9228
0.422752
1.26413
0.370174
3.55411
30.9558
0.814495
315.122
0.000232074
10.8838
0.823866
1.07998
2.59672
1.0251
0.881416
1.11818
0.285694
1.52927
5.82157
0.804603
1.1924
136.921
1.08243
0.550289
9.27209
4.04109
32.7722
1.86469
0.3879
9.2599
0.456111
0.829783
2.30638
0.000241021
0.342171
6.87833
0.444355
2.42513
1.31468
0.850324
0.710132
0.154754
1.44654
1.35141
0.999046
0.641714
0.495117
1.06706
0.653739
0.675475
0.596836
18.1464
2.4954
1.48364
3.32966
16.8667
1.93447
0.558763
0.000250799
7.45022
0.18816
1.11017
4.13819
0.543727
0.925652
0.288765
0.458929
0.716622
0.371657
0.710914
0.421182
0.711262
0.696574
1.72637
5.97295
9.31253
0.401515
2.39545
3.1212
0.655842
0.143994
0.407857
4.48134
0.000260096
3.97999
4.82266
0.371997
0.910651
0.583813
0.664516
536.948
0.637271
136.011
14.9839
1.7511
0.339694
0.448922
0.265479
0.371741
0.45135
3.21228
0.412831
4.47518
0.326407
3.58279
20.0696
121.471
0.918966
0.000270939
0.156969
0.622661
2.26709
2.43772
1.72192
0.844653
20.725
0.73033
0.554829
1.18166
9.10139
0.591076
0.232524
0.044412
0.970802
2.27969
0.516502
2.64938
3.00916
0.219672
16.8138
0.461653
0.909427
0.659316
0.000280599
3.42962
0.532521
0.313265
10.6344
35.6386
0.602636
0.403574
2.82017
2.83795
0.469999
28.5173
0.318987
0.471328
0.0275189
0.788987
0.204428
0.138918
0.154763
4.80575
11.9114
1.83946
17.175
0.703992
2.29495
0.000290428
0.45741
10.0754
2.55234
1.51214
0.754061
0.579871
0.753191
143.849
0.509642
2.70386
31.255
0.412424
0.427042
0.0624884
0.671515
2.03807
0.18677
0.450134
45.4972
3.53124
0.918291
0.55071
2.04915
0.612493
0.000301153
0.447894
0.0501296
0.28633
1.17326
0.347726
0.702161
0.672972
2.04992
1.89199
1.45619
3.24749
4.19257
0.633189
0.144574
0.26496
0.207964
0.409993
1.48825
17.7736
0.412498
0.529497
9.87331
0.460053
0.590612
0.000312072
1.94102
6.01532
1.6478
0.223727
1.15385
0.470996
0.972319
3.26377
0.25636
0.234064
1.16801
2.07388
10.8106
0.278838
2.14035
18.3009
0.60273
3.0853
8.74805
0.162736
0.488174
0.486441
5.00986
2.39644
0.000322433
0.637323
0.798705
0.470829
0.518271
2.04725
0.6062
0.314939
10.9141
2.0454
3.20061
1.90667
0.598073
3.56021
0.321964
0.281756
0.271874
1.21254
0.393677
6.28635
0.694525
0.20449
18.4401
0.47458
0.296975
0.000333728
0.690766
0.29654
0.585656
0.142986
2.24605
0.46309
3.95182
0.559945
0.300696
0.537169
1.64792
3.24724
0.712627
0.276325
0.931182
9.18991
104.627
0.449553
117.02
3.3664
0.542006
0.187425
0.647328
1.88024
0.000344439
3.26511
6.7716
0.32306
0.440521
0.0433643
0.517172
1.34849
0.376154
22.1483
0.447556
1.5579
3.67435
4.31127
0.27145
2.72185
0.455701
1.6775
4.21229
16.4329
13.8909
0.352183
20.9319
2.6239
27.5301
0.0003569
0.58334
0.148495
1.71225
0.220171
0.495182
0.543285
0.50184
0.447401
0.0201706
3.62171
1.76876
0.219931
319.744
0.368032
0.341504
0.850914
1.75576
5.84076
10.4546
0.357149
0.729136
0.608989
0.393314
0.309955
0.000367975
1.73891
4.99302
0.143557
0.633576
49.8537
0.408742
0.518417
0.407984
2.59231
0.302285
1.88679
0.861966
1.44855
0.564383
1.04234
1.51221
7.29886
0.501406
3.32212
0.502797
0.616375
9.45315
45.1729
25.4301
0.000379218
18.7582
0.662
1.97657
0.506017
2.91541
0.517731
3.91621
0.389666
0.639113
0.486521
15.8135
0.494587
0.802078
0.675683
2.1019
0.280221
1.35235
0.383624
3.04103
2.55534
1.57261
0.538243
0.36531
1.0631
0.000391459
0.425328
0.35007
0.425739
1.56073
0.401901
0.373114
2.11283
0.372467
1.26141
2.01524
21.2672
0.148876
0.365361
0.615017
0.48638
20.1232
0.376976
1.78236
2.08334
0.367108
22.3571
11.3167
0.612331
0.386766
0.000403895
5.58883
6.73556
0.985539
16.0663
0.349157
0.373392
0.252246
1.56797
0.939841
0.755124
12.7948
0.419345
0.139802
0.681839
0.130311
0.149231
0.443957
0.371995
1.73955
1.23372
4.79135
0.223216
2.42256
1.99058
0.000416524
2.26687
0.345217
0.545611
12.7131
0.73883
0.459511
1.31534
9.64345
0.438145
0.194202
5.0157
0.659707
0.424076
0.944999
8.12217
4.52683
0.430292
0.579621
1.99958
0.591295
2.03273
25.8462
0.19943
0.579571
0.000428481
0.332
6.67484
1.27796
2.0486
2.47147
0.291421
0.911106
1.62054
4.63224
2.6125
2.2643
0.0304867
0.681047
1.45811
0.268888
0.242588
0.433528
7.17617
1.00835
0.507362
1.39781
0.407118
19.1085
0.756398
0.000440607
1.73767
0.744273
0.405575
0.648399
12.0169
0.417175
0.776874
1.29717
0.291698
0.730346
1.14919
7.20822
0.59463
2.33455
1.20161
1.77687
0.315088
5.85165
1.44192
36.4049
35.5041
28.3727
0.308387
2.61644
0.000454687
0.735278
0.352809
2.38314
5.53234
0.482228
0.301755
0.191471
98.2825
2.9821
0.307326
0.761223
9.54347
4.4344
2.29347
25.3219
0.2614
0.468688
0.370972
1.77463
2.15487
4.72125
0.727484
0.730191
0.626977
0.000467176
0.202211
2.87064
0.16319
265.527
0.430709
0.40534
9.38378
1.30067
0.310544
1.95544
0.661093
0.550699
4.88288
26.779
0.374821
3.3106
12.8439
0.675134
1.0698
1.01204
1.21665
24.0513
2.63942
1.22142
0.000361252
1.98523
1.47273
12.8339
1.52144
19.3305
0.548086
5.42241
0.0648554
0.854823
2.79626
1.31906
43.1845
1.4553
0.33471
0.909209
0.803441
4.6223
0.434344
0.171499
0.692835
0.875069
0.403287
0.299585
0.75527
0.000370659
0.608617
3.15209
13.5496
0.39171
1.57911
0.526688
5.57588
0.248502
0.596622
0.64224
0.500783
0.582441
0.677642
6.53618
0.458646
49.582
3.97751
0.260376
0.942399
0.509097
3.28693
0.257757
0.140178
0.538675
0.000380185
0.605618
10.2948
1.36285
1.49049
0.546472
314.549
0.549789
0.165388
0.102013
0.12814
1.62521
7.07264
12.0444
0.376796
0.624538
3.82772
12.8787
1.32229
4.68473
1.52181
0.544264
0.46526
0.0424084
10.9714
0.000390788
0.347961
19.0811
0.189289
0.355168
24.4027
3.35012
8.9358
0.16811
0.388176
0.607184
0.189986
0.354657
0.670993
0.748633
1.69236
0.942944
26.6374
0.508289
5.01458
0.917245
4.17284
0.157333
0.0110943
10.1544
0.000401537
13.7543
24.3619
0.684087
1.81402
3.11962
2.41169
1.36489
0.290488
0.47944
10.2954
2.93241
1.58144
2.06485
0.708177
7.8924
6.87186
22.3732
0.697267
1.15923
0.103751
0.051965
0.96045
0.0323969
0.165469
0.000412432
42.694
5.17569
0.356683
0.178983
0.291566
23.4638
0.454027
0.229945
0.429449
10.6968
0.656919
0.327117
0.416491
1.28491
0.553783
9.51934
4.06199
2.7806
2.60077
2.67924
7.82028
1.5965
0.159825
0.743321
0.000422478
0.280124
2.65214
0.486272
2.39062
15.6846
1.26469
1.82059
0.322101
2.8786
0.204182
0.41389
3.11959
1.36016
5.06803
0.252247
0.391319
20.9749
0.435654
4.76656
0.596961
0.618945
11.9587
0.353801
1.71158
0.000434659
0.9811
0.749111
0.39225
0.342349
1.79982
0.634499
0.557892
0.367765
501.209
0.4476
1.99231
0.0336981
0.294056
0.429088
0.944331
0.54235
34.6464
5.80451
0.975511
0.366399
0.408453
6.51559
0.458462
2.87487
